<?xml version="1.0"?>
<opencv_storage>
<pose_timestamp_0 type_id="opencv-matrix">
  <rows>4</rows>
  <cols>4</cols>
  <dt>d</dt>
  <data>
    4.5024987179447445e-002 -9.9896543351096279e-001
    -6.3885193703232222e-003 2.6634155957097147e+002
    9.9841647252501908e-001 4.4782521181637044e-002
    3.4045163934314671e-002 -1.8632881457171473e+002
    -3.3723847944573657e-002 -7.9112860440405646e-003
    9.9939987674250852e-001 1.3629993693582078e+003 0. 0. 0. 1.</data></pose_timestamp_0>
<pose_timestamp_1 type_id="opencv-matrix">
  <rows>4</rows>
  <cols>4</cols>
  <dt>d</dt>
  <data>
    8.2281108821717047e-002 -7.4653884751160660e-001
    6.6023447977753413e-001 1.3524543362365804e+002
    9.9558989429227562e-001 9.1526267247060894e-002
    -2.0584090626384166e-002 -8.5025342561717594e+001
    -4.5061974148547512e-002 6.5901645773065631e-001
    7.5077741503455864e-001 1.4107292437677693e+003 0. 0. 0. 1.</data></pose_timestamp_1>
<pose_timestamp_2 type_id="opencv-matrix">
  <rows>4</rows>
  <cols>4</cols>
  <dt>d</dt>
  <data>
    -4.1545554111077965e-001 -6.7643484730328707e-001
    6.0813862787536199e-001 2.8187254471499176e+002
    9.0842204506768542e-001 -2.7434130844711169e-001
    3.1544608812691133e-001 -5.8486558731934828e+000
    -4.6541179565988411e-002 6.8350036125323710e-001
    7.2846494409223372e-001 1.4058470465975915e+003 0. 0. 0. 1.</data></pose_timestamp_2>
<pose_timestamp_3 type_id="opencv-matrix">
  <rows>4</rows>
  <cols>4</cols>
  <dt>d</dt>
  <data>
    -8.7617993887580781e-001 -3.3502207779705295e-001
    3.4650962771636123e-001 4.1809633490904594e+002
    4.8139987902509340e-001 -5.7289728013400487e-001
    6.6335726640301840e-001 1.5750171557258651e+002
    -2.3724906453162442e-002 7.4803002199350599e-001
    6.6324069161216581e-001 1.3806032064978219e+003 0. 0. 0. 1.</data></pose_timestamp_3>
<pose_timestamp_4 type_id="opencv-matrix">
  <rows>4</rows>
  <cols>4</cols>
  <dt>d</dt>
  <data>
    -9.9978054653712167e-001 1.7103478331893584e-002
    -1.2096685285019844e-002 3.2991718393299180e+002
    -2.0667010512288048e-002 -7.1085300461836898e-001
    7.0303689839262506e-001 3.1203644910983843e+002
    3.4254112774007644e-003 7.0313261683269090e-001
    7.1105048323139031e-001 1.3900064828102361e+003 0. 0. 0. 1.</data></pose_timestamp_4>
<pose_timestamp_5 type_id="opencv-matrix">
  <rows>4</rows>
  <cols>4</cols>
  <dt>d</dt>
  <data>
    -7.9712363813825504e-001 4.1194328993921531e-001
    -4.4147098590426953e-001 1.4565144054546016e+002
    -6.0335148680926154e-001 -5.1472875996066780e-001
    6.0911516729958926e-001 5.1367269000108672e+002
    2.3683092836150277e-002 7.5190227393153208e-001
    6.5884905826016404e-001 1.3634683102072393e+003 0. 0. 0. 1.</data></pose_timestamp_5>
<pose_timestamp_6 type_id="opencv-matrix">
  <rows>4</rows>
  <cols>4</cols>
  <dt>d</dt>
  <data>
    -1.5221227107967028e-001 6.8378202527431375e-001
    -7.1363405639341959e-001 4.8119916868309531e+001
    -9.8740107562968793e-001 -7.3609659268496053e-002
    1.4007403009734126e-001 5.9954133034682320e+002
    4.3249744254781120e-002 7.2596402112923841e-001
    6.8637140066276214e-001 1.3614780253992617e+003 0. 0. 0. 1.</data></pose_timestamp_6>
<pose_timestamp_7 type_id="opencv-matrix">
  <rows>4</rows>
  <cols>4</cols>
  <dt>d</dt>
  <data>
    9.0062171030364346e-001 3.0349846899995708e-001
    -3.1107750520476762e-001 -1.5916082776924605e+002
    -4.3418605444366848e-001 6.5970859341826793e-001
    -6.1340609867911344e-001 1.1913049076966404e+002
    1.9052691578353625e-002 6.8751236431410634e-001
    7.2592268449115682e-001 1.3836073642579620e+003 0. 0. 0. 1.</data></pose_timestamp_7>
<pose_timestamp_8 type_id="opencv-matrix">
  <rows>4</rows>
  <cols>4</cols>
  <dt>d</dt>
  <data>
    8.7140833648164640e-001 -3.6208260198736009e-001
    3.3097386671511198e-001 -1.9709600326089781e+001
    4.8983119951749354e-001 6.7895790042044402e-001
    -5.4688350261816798e-001 -8.8136086815986602e+001
    -2.6700320026980778e-002 6.3868016940776018e-001
    7.6900892980233426e-001 1.4072474592079518e+003 0. 0. 0. 1.</data></pose_timestamp_8>
<pose_timestamp_9 type_id="opencv-matrix">
  <rows>4</rows>
  <cols>4</cols>
  <dt>d</dt>
  <data>
    6.0352415308663165e-001 -5.9143805915218151e-001
    5.3475192269627669e-001 1.8526553784053937e+002
    7.9617280408660940e-001 4.8336029934022845e-001
    -3.6396660156474570e-001 -2.7357420186226420e+002
    -4.3214149001566393e-002 6.4541757274498301e-001
    7.6260651329374651e-001 1.4167411153561300e+003 0. 0. 0. 1.</data></pose_timestamp_9>
<pose_timestamp_10 type_id="opencv-matrix">
  <rows>4</rows>
  <cols>4</cols>
  <dt>d</dt>
  <data>
    2.3171769179698784e-001 -7.1706236591006900e-001
    6.5736479575934881e-001 2.9724565246101702e+002
    9.7131356024850590e-001 2.0767640240725888e-001
    -1.1584679348411037e-001 -1.8596593400989696e+002
    -5.3449780033672734e-002 6.6535109173926554e-001
    7.4461469615883846e-001 1.4114512412317265e+003 0. 0. 0. 1.</data></pose_timestamp_10>
</opencv_storage>
