<?xml version="1.0"?>
<opencv_storage>
<camera_pose_0 type_id="opencv-matrix">
  <rows>4</rows>
  <cols>4</cols>
  <dt>d</dt>
  <data>
    1. 0. 0. 0. 0. 1. 0. 0. 0. 0. 1. 0. 0. 0. 0. 1.</data></camera_pose_0>
<camera_pose_1 type_id="opencv-matrix">
  <rows>4</rows>
  <cols>4</cols>
  <dt>d</dt>
  <data>
    7.9267097986916257e-001 -5.9618131077697367e-001
    1.2743846496843447e-001 -1.6827691014004319e+002
    4.5870899216233363e-001 4.4555106185842458e-001
    -7.6881097272752708e-001 1.0067829713845314e+003
    4.0157039007212358e-001 6.6787131691447843e-001
    6.2664912499758796e-001 5.3077382979200570e+002 0. 0. 0. 1.</data></camera_pose_1>
<camera_pose_2 type_id="opencv-matrix">
  <rows>4</rows>
  <cols>4</cols>
  <dt>d</dt>
  <data>
    8.7350127721591986e-001 4.8660499170717714e-001
    1.4529306515279311e-002 1.1341014537375786e+001
    -3.2394362814096683e-001 6.0326940407100860e-001
    -7.2878429723662219e-001 1.0650404151271757e+003
    -3.6339516299618502e-001 6.3188733818416420e-001
    6.8458918144644088e-001 4.5178835645624559e+002 0. 0. 0. 1.</data></camera_pose_2>
<camera_pose_3 type_id="opencv-matrix">
  <rows>4</rows>
  <cols>4</cols>
  <dt>d</dt>
  <data>
    5.1248004110506076e-002 9.9840743396394382e-001
    2.3584695889975249e-002 -3.1943859550726536e+001
    -7.1784530572464977e-001 5.3244572572492807e-002
    -6.9416362087094163e-001 1.0618365982310233e+003
    -6.9431387651679077e-001 1.8644336864195699e-002
    7.1943076774566750e-001 4.4594825929630059e+002 0. 0. 0. 1.</data></camera_pose_3>
<camera_pose_4 type_id="opencv-matrix">
  <rows>4</rows>
  <cols>4</cols>
  <dt>d</dt>
  <data>
    -8.9216701511135199e-001 4.4928387345904619e-001
    -4.6712077634550375e-002 9.4033969213218398e+001
    -3.0575197158424572e-001 -6.7677615424190063e-001
    -6.6969378742966523e-001 1.0571241322358503e+003
    -3.3249623910601922e-001 -5.8319639753618058e-001
    7.4116679153964615e-001 4.1095101788522277e+002 0. 0. 0. 1.</data></camera_pose_4>
<camera_pose_5 type_id="opencv-matrix">
  <rows>4</rows>
  <cols>4</cols>
  <dt>d</dt>
  <data>
    -8.4570652927103307e-001 -5.3311594438639298e-001
    2.3829733304165324e-002 6.1234897838013744e+001
    3.8437446847642820e-001 -6.3951133409985639e-001
    -6.6579390320224852e-001 1.0411022786292715e+003
    3.7018473000896002e-001 -5.5390671001426417e-001
    7.4575506855090634e-001 4.3236416601269764e+002 0. 0. 0. 1.</data></camera_pose_5>
<camera_pose_6 type_id="opencv-matrix">
  <rows>4</rows>
  <cols>4</cols>
  <dt>d</dt>
  <data>
    -7.4640683424238574e-003 -9.9749196276702934e-001
    7.0385168174547319e-002 -8.3894307314417613e+000
    7.1002158339210553e-001 -5.4850451018386939e-002
    -7.0204043981842457e-001 1.0052612733269459e+003
    7.0414035447568779e-001 4.4734910732661504e-002
    7.0865023033975938e-001 4.0445307956555246e+002 0. 0. 0. 1.</data></camera_pose_6>
<camera_pose_7 type_id="opencv-matrix">
  <rows>4</rows>
  <cols>4</cols>
  <dt>d</dt>
  <data>
    3.9373081568195112e-001 9.1869073134569801e-001
    -3.1358968763839368e-002 -5.6461387056168483e+001
    -1.7825009440196354e-001 1.0977220111023553e-001
    9.7784301792726680e-001 -1.3853361413262196e+003
    9.0177766030663908e-001 -3.7941718991490109e-001
    2.0697740787091570e-001 7.8664161380597909e+002 0. 0. 0. 1.</data></camera_pose_7>
<camera_pose_8 type_id="opencv-matrix">
  <rows>4</rows>
  <cols>4</cols>
  <dt>d</dt>
  <data>
    -3.2208250379826764e-001 9.4540144455092157e-001
    -4.9789249723908746e-002 4.1843362258160874e+002
    -3.1351668995742893e-001 -5.6890283833377631e-002
    9.4787698607123849e-001 -1.5275127072688235e+003
    8.9329174733967864e-001 3.2090435373548376e-001
    3.1472249663542484e-001 6.9894189290169686e+002 0. 0. 0. 1.</data></camera_pose_8>
<camera_pose_9 type_id="opencv-matrix">
  <rows>4</rows>
  <cols>4</cols>
  <dt>d</dt>
  <data>
    5.4668129600026272e-001 8.3609964884161703e-001
    -4.5573433164486477e-002 -2.2044740987242972e+002
    -1.5454213367568015e-001 1.5423897457293217e-001
    9.7587246484448920e-001 -1.3539739386312360e+003
    8.2295582476973905e-001 -5.2644820821199034e-001
    2.1353218621075254e-001 9.5752015033658813e+002 0. 0. 0. 1.</data></camera_pose_9>
<camera_pose_10 type_id="opencv-matrix">
  <rows>4</rows>
  <cols>4</cols>
  <dt>d</dt>
  <data>
    6.9888896987267135e-002 9.9637016563264114e-001
    -4.8600772782819102e-002 1.1027990538971781e+002
    8.8651992093731757e-003 4.8097619518001844e-002
    9.9880329757148900e-001 -1.4526248608513301e+003
    9.9751538851332122e-001 -7.0236116306965246e-002
    -5.4715304287827893e-003 9.3257216749835459e+002 0. 0. 0. 1.</data></camera_pose_10>
</opencv_storage>
