<?xml version="1.0"?>
<opencv_storage>
<K_0 type_id="opencv-matrix">
  <rows>3</rows>
  <cols>3</cols>
  <dt>d</dt>
  <data>
    1.2013387495410450e+003 0. 6.5074443742808319e+002 0.
    1.2014745447538251e+003 5.2682446752908129e+002 0. 0. 1.</data></K_0>
<K_1 type_id="opencv-matrix">
  <rows>3</rows>
  <cols>3</cols>
  <dt>d</dt>
  <data>
    1.1895984082615923e+003 0. 6.4527691607338056e+002 0.
    1.1894956948844340e+003 5.3650699912740947e+002 0. 0. 1.</data></K_1>
<K_2 type_id="opencv-matrix">
  <rows>3</rows>
  <cols>3</cols>
  <dt>d</dt>
  <data>
    1.1926490750025293e+003 0. 6.2667190471679737e+002 0.
    1.1929853811260650e+003 5.1952599735551530e+002 0. 0. 1.</data></K_2>
<K_3 type_id="opencv-matrix">
  <rows>3</rows>
  <cols>3</cols>
  <dt>d</dt>
  <data>
    1.1936813188881008e+003 0. 6.1262527179759581e+002 0.
    1.1926654644209434e+003 5.3039915342057577e+002 0. 0. 1.</data></K_3>
<K_4 type_id="opencv-matrix">
  <rows>3</rows>
  <cols>3</cols>
  <dt>d</dt>
  <data>
    1.1908208951198146e+003 0. 6.4294224887743712e+002 0.
    1.1902639068074254e+003 5.3562777909839224e+002 0. 0. 1.</data></K_4>
<K_5 type_id="opencv-matrix">
  <rows>3</rows>
  <cols>3</cols>
  <dt>d</dt>
  <data>
    1.2028516145344372e+003 0. 6.5316667005909756e+002 0.
    1.2022786772088225e+003 5.3391217078039472e+002 0. 0. 1.</data></K_5>
<K_6 type_id="opencv-matrix">
  <rows>3</rows>
  <cols>3</cols>
  <dt>d</dt>
  <data>
    1.1867352061358445e+003 0. 6.0519711658253379e+002 0.
    1.1864038120759787e+003 5.2054144805159319e+002 0. 0. 1.</data></K_6>
<K_7 type_id="opencv-matrix">
  <rows>3</rows>
  <cols>3</cols>
  <dt>d</dt>
  <data>
    5.8181700362420327e+002 0. 3.2156893735111589e+002 0.
    5.8128661615379644e+002 2.1784240295472006e+002 0. 0. 1.</data></K_7>
<K_8 type_id="opencv-matrix">
  <rows>3</rows>
  <cols>3</cols>
  <dt>d</dt>
  <data>
    5.7234782557724623e+002 0. 3.1990007305851145e+002 0.
    5.7157646175727461e+002 2.3258217342399760e+002 0. 0. 1.</data></K_8>
<K_9 type_id="opencv-matrix">
  <rows>3</rows>
  <cols>3</cols>
  <dt>d</dt>
  <data>
    5.8154594642220627e+002 0. 3.1071371460901469e+002 0.
    5.8033380773780561e+002 2.3101496896131397e+002 0. 0. 1.</data></K_9>
<K_10 type_id="opencv-matrix">
  <rows>3</rows>
  <cols>3</cols>
  <dt>d</dt>
  <data>
    5.7804195342486162e+002 0. 3.2102636484965541e+002 0.
    5.7765593397824114e+002 2.6009176336995006e+002 0. 0. 1.</data></K_10>
</opencv_storage>
