<?xml version="1.0"?>
<opencv_storage>
<nCameras>11</nCameras>
<camera_pose_0 type_id="opencv-matrix">
  <rows>4</rows>
  <cols>4</cols>
  <dt>f</dt>
  <data>
    1. 0. 0. 0. 0. 1. 0. 0. 0. 0. 1. 0. 0. 0. 0. 1.</data></camera_pose_0>
<camera_pose_1 type_id="opencv-matrix">
  <rows>4</rows>
  <cols>4</cols>
  <dt>f</dt>
  <data>
    7.96974182e-001 -5.87757766e-001 1.39187053e-001 -1.66301590e+002
    4.65761781e-001 4.51297432e-001 -7.61181056e-001 1.01731360e+003
    3.84575307e-001 6.71469629e-001 6.33427501e-001 4.96882721e+002 0.
    0. 0. 1.</data></camera_pose_1>
<camera_pose_2 type_id="opencv-matrix">
  <rows>4</rows>
  <cols>4</cols>
  <dt>f</dt>
  <data>
    8.74284446e-001 4.85398024e-001 3.93339805e-003 1.04555073e+001
    -3.31441551e-001 6.02863669e-001 -7.25742280e-001 1.07150940e+003
    -3.54645163e-001 6.33201480e-001 6.87955439e-001 4.34977051e+002 0.
    0. 0. 1.</data></camera_pose_2>
<camera_pose_3 type_id="opencv-matrix">
  <rows>4</rows>
  <cols>4</cols>
  <dt>f</dt>
  <data>
    5.81559576e-002 9.98305738e-001 1.87695469e-003 -3.56645546e+001
    -7.25703478e-001 4.35665622e-002 -6.86626852e-001 1.06517004e+003
    -6.85545266e-001 3.85693274e-002 7.27007627e-001 4.25665558e+002 0.
    0. 0. 1.</data></camera_pose_3>
<camera_pose_4 type_id="opencv-matrix">
  <rows>4</rows>
  <cols>4</cols>
  <dt>f</dt>
  <data>
    -8.93920481e-001 4.45763558e-001 -4.69147414e-002 9.51319885e+001
    -3.14257741e-001 -6.97931826e-001 -6.43531859e-001 1.06277307e+003
    -3.19606334e-001 -5.60522974e-001 7.63980210e-001 3.81895721e+002 0.
    0. 0. 1.</data></camera_pose_4>
<camera_pose_5 type_id="opencv-matrix">
  <rows>4</rows>
  <cols>4</cols>
  <dt>f</dt>
  <data>
    -8.45373094e-001 -5.33066750e-001 3.44125964e-002 6.09137955e+001
    3.86316299e-001 -6.54595912e-001 -6.49818361e-001 1.04351318e+003
    3.68922889e-001 -5.36044776e-001 7.59310126e-001 4.14983032e+002 0.
    0. 0. 1.</data></camera_pose_5>
<camera_pose_6 type_id="opencv-matrix">
  <rows>4</rows>
  <cols>4</cols>
  <dt>f</dt>
  <data>
    -1.78833362e-002 -9.97120976e-001 7.36877844e-002 -1.69788208e+001
    7.21702874e-001 -6.38796091e-002 -6.89249158e-001 1.01117401e+003
    6.91971958e-001 4.08546068e-002 7.20767438e-001 3.83425476e+002 0.
    0. 0. 1.</data></camera_pose_6>
<camera_pose_7 type_id="opencv-matrix">
  <rows>4</rows>
  <cols>4</cols>
  <dt>f</dt>
  <data>
    1.48057148e-001 9.82062638e-001 -1.16756402e-001 -5.89704468e+002
    -3.71581644e-001 1.64647102e-001 9.13683951e-001 -1.72753320e+003
    9.16518509e-001 -9.18929055e-002 3.89293641e-001 1.73223022e+003 0.
    0. 0. 1.</data></camera_pose_7>
<camera_pose_8 type_id="opencv-matrix">
  <rows>4</rows>
  <cols>4</cols>
  <dt>f</dt>
  <data>
    -6.29182518e-001 7.67932951e-001 -1.20034695e-001 -1.65230774e+002
    -3.62223089e-001 -1.53060153e-001 9.19438422e-001 -1.97658862e+003
    6.87694550e-001 6.21973932e-001 3.74465823e-001 1.89356348e+003 0.
    0. 0. 1.</data></camera_pose_8>
<camera_pose_9 type_id="opencv-matrix">
  <rows>4</rows>
  <cols>4</cols>
  <dt>f</dt>
  <data>
    3.99716824e-001 9.09261644e-001 -1.16059251e-001 -8.79396790e+002
    -3.48097920e-001 2.67701715e-001 8.98422837e-001 -1.77409338e+003
    8.47970665e-001 -3.18714738e-001 4.23516959e-001 2.09017334e+003 0.
    0. 0. 1.</data></camera_pose_9>
<camera_pose_10 type_id="opencv-matrix">
  <rows>4</rows>
  <cols>4</cols>
  <dt>f</dt>
  <data>
    -2.46843651e-001 9.66359854e-001 -7.22275376e-002 -4.14231384e+002
    -2.10952342e-001 1.91609170e-002 9.77308512e-001 -1.85730798e+003
    9.45815682e-001 2.56478965e-001 1.99126124e-001 1.67600659e+003 0.
    0. 0. 1.</data></camera_pose_10>
<meanReprojectError>1.1783467531204224e+000</meanReprojectError>
<pose_timestamp_0 type_id="opencv-matrix">
  <rows>4</rows>
  <cols>4</cols>
  <dt>f</dt>
  <data>
    4.41326536e-002 -9.99017715e-001 -3.98333278e-003 2.72750397e+002
    9.97852981e-001 4.38873619e-002 4.86139543e-002 -1.68939270e+002
    -4.83913831e-002 -6.12024311e-003 9.98809695e-001 1.36180542e+003 0.
    0. 0. 1.</data></pose_timestamp_0>
<pose_timestamp_1 type_id="opencv-matrix">
  <rows>4</rows>
  <cols>4</cols>
  <dt>f</dt>
  <data>
    8.16932991e-002 -7.37974524e-001 6.69865489e-001 1.41061447e+002
    9.94911492e-001 1.00150511e-001 -1.10008316e-002 -6.68889084e+001
    -5.89690395e-002 6.67355597e-001 7.42400944e-001 1.40755115e+003 0.
    0. 0. 1.</data></pose_timestamp_1>
<pose_timestamp_2 type_id="opencv-matrix">
  <rows>4</rows>
  <cols>4</cols>
  <dt>f</dt>
  <data>
    -4.11408484e-001 -6.70812249e-001 6.17052674e-001 2.87069916e+002
    9.09843504e-001 -2.62064666e-001 3.21724832e-001 1.13617249e+001
    -5.41092567e-002 6.93781734e-001 7.18149781e-001 1.40019775e+003 0.
    0. 0. 1.</data></pose_timestamp_2>
<pose_timestamp_3 type_id="opencv-matrix">
  <rows>4</rows>
  <cols>4</cols>
  <dt>f</dt>
  <data>
    -8.76307368e-001 -3.32966864e-001 3.48164469e-001 4.24561127e+002
    4.80992079e-001 -5.64121604e-001 6.71128511e-001 1.74971848e+002
    -2.70564575e-002 7.55579174e-001 6.54498279e-001 1.37362512e+003 0.
    0. 0. 1.</data></pose_timestamp_3>
<pose_timestamp_4 type_id="opencv-matrix">
  <rows>4</rows>
  <cols>4</cols>
  <dt>f</dt>
  <data>
    -9.99765694e-001 1.96809098e-002 -9.01061017e-003 3.36177002e+002
    -2.02123746e-002 -6.99881732e-001 7.13972688e-001 3.29392639e+002
    7.74527108e-003 7.13987589e-001 7.00115561e-001 1.38093445e+003 0.
    0. 0. 1.</data></pose_timestamp_4>
<pose_timestamp_7 type_id="opencv-matrix">
  <rows>4</rows>
  <cols>4</cols>
  <dt>f</dt>
  <data>
    9.00948822e-001 3.05908084e-001 -3.07752311e-001 -1.52759338e+002
    -4.33385432e-001 6.69729471e-001 -6.03025317e-001 1.36499390e+002
    2.16404814e-002 6.76670313e-001 7.35968053e-001 1.37920825e+003 0.
    0. 0. 1.</data></pose_timestamp_7>
<pose_timestamp_8 type_id="opencv-matrix">
  <rows>4</rows>
  <cols>4</cols>
  <dt>f</dt>
  <data>
    8.69714320e-001 -3.57197016e-001 3.40598494e-001 -1.34726658e+001
    4.91957963e-001 6.82873070e-001 -5.40057123e-001 -7.06998138e+001
    -3.96787599e-002 6.37255549e-001 7.69630373e-001 1.40498352e+003 0.
    0. 0. 1.</data></pose_timestamp_8>
<pose_timestamp_9 type_id="opencv-matrix">
  <rows>4</rows>
  <cols>4</cols>
  <dt>f</dt>
  <data>
    6.01252675e-001 -5.93608260e-001 5.34905970e-001 1.93281464e+002
    7.97154248e-001 4.91790116e-001 -3.50267947e-001 -2.55478119e+002
    -5.51395155e-002 6.37002110e-001 7.68887460e-001 1.41719141e+003 0.
    0. 0. 1.</data></pose_timestamp_9>
<pose_timestamp_10 type_id="opencv-matrix">
  <rows>4</rows>
  <cols>4</cols>
  <dt>f</dt>
  <data>
    2.27951467e-001 -7.20618129e-001 6.54788196e-001 3.05250061e+002
    9.71151710e-001 2.16630444e-001 -9.96774808e-002 -1.68535522e+002
    -7.00176582e-002 6.58620298e-001 7.49210775e-001 1.41090894e+003 0.
    0. 0. 1.</data></pose_timestamp_10>
<pose_timestamp_5 type_id="opencv-matrix">
  <rows>4</rows>
  <cols>4</cols>
  <dt>f</dt>
  <data>
    -7.96233594e-001 4.14169788e-001 -4.40993696e-001 1.51644745e+002
    -6.04005873e-001 -5.02662361e-001 6.18471861e-001 5.30833740e+002
    3.44814472e-002 7.58810878e-001 6.50397658e-001 1.35240784e+003 0.
    0. 0. 1.</data></pose_timestamp_5>
<pose_timestamp_6 type_id="opencv-matrix">
  <rows>4</rows>
  <cols>4</cols>
  <dt>f</dt>
  <data>
    -1.49249092e-001 6.86836362e-001 -7.11323023e-001 5.33603210e+001
    -9.87198532e-001 -6.25813231e-002 1.46706000e-001 6.16817932e+002
    5.62474839e-002 7.24112809e-001 6.87384069e-001 1.35027844e+003 0.
    0. 0. 1.</data></pose_timestamp_6>
</opencv_storage>
