[1168.198564624045;
  1166.147442039205;
  659.1988572981659;
  516.8156964200035]
[1, 0, 0;
  0, 1, 0;
  0, 0, 1]
[-11.79036453720182;
  -21.58063864373401;
  -49.93875088460617]
[0.04491051626870837, -0.9989545495548634, -0.008535423370758806;
  0.9980016106499728, 0.04448423007331805, 0.04487692519373702;
  -0.04445031685531885, -0.01053381215059963, 0.9989560591602805]
[268.0939791450703;
  -153.3842430146661;
  1372.652151543816]
0032FA2C 0032FA3C
[1188.771107185259;
  1187.556069975029;
  651.5929083764802;
  543.9350538504464]
[0.7902468704971125, -0.5982760976412984, 0.132572978621661;
  0.4581111610167914, 0.4330966225353566, -0.7762483363591282;
  0.4069939161969959, 0.6741609796922143, 0.6163302082804854]
[-165.1330258304108;
  998.698307307253;
  512.4325657682808]
[0.08164833092812614, -0.7480237048742053, 0.6586304631604274;
  0.9950816393936559, 0.09837283725787609, -0.01163253332123149;
  -0.05608993669354007, 0.6563408579664253, 0.7523766325223102]
[137.1676146105441;
  -51.71409073265174;
  1419.536501920547]
0032FA2C 0032FA3C
[1183.59775540605;
  1184.192498461254;
  609.2904489529813;
  521.329384213696]
[0.8672832582191101, 0.4973792324395006, 0.02082424430171495;
  -0.3236013576257901, 0.5950657902939129, -0.7356486026389407;
  -0.3782881327184211, 0.6312769632734699, 0.6770431923331304]
[4.997344118576433;
  1058.826360611449;
  428.8252152193545]
[-0.4159611330261716, -0.6798318695993463, 0.6039908649049596;
  0.9075760835558598, -0.2685032671096111, 0.3228182896133238;
  -0.05728864083734775, 0.6824475251830886, 0.7286860688955754]
[283.6855727999347;
  27.57116318645361;
  1414.048792693231]
0032FA2C 0032FA3C
[1189.158446723589;
  1186.857006616306;
  608.0420126635493;
  527.7273833890284]
[0.04759390720576717, 0.9987459041702164, 0.01553830428669401;
  -0.7189819132698073, 0.04505251479618996, -0.6935670690722177;
  -0.6933973091870029, 0.02183780698138338, 0.7202244662592822]
[-48.4275230133588;
  1069.079015249439;
  432.097458047932]
[-0.8772717039498167, -0.3352337806056474, 0.3435297218434379;
  0.4788879362940506, -0.5627241318252889, 0.6738010803890864;
  -0.03256841907447164, 0.7556188614654344, 0.6542013713503433]
[419.7276762443138;
  190.6409065623936;
  1386.945029518848]
0032FA2C 0032FA3C
[1165.340507997359;
  1164.166591076054;
  630.1713735330484;
  519.0405611990099]
[-0.8955021777856795, 0.4427663405132092, -0.04509786347096656;
  -0.3099948677431138, -0.6932396669326293, -0.6506319590706152;
  -0.3193415593906224, -0.5686622300625198, 0.7580529246340838]
[94.3662966044328;
  1078.93284701252;
  368.8614262035353]
[-0.9997672228241296, 0.01638625611265603, -0.01403534029290727;
  -0.02150126560962832, -0.7027983623881748, 0.7110641021748207;
  0.001787664317336437, 0.711200360260813, 0.7029870922151972]
[331.1976948151513;
  345.2632347205552;
  1394.375866824161]
0032FA2C 0032FA3C
[1196.321532290208;
  1195.370009049526;
  651.08063865918;
  538.7654837093232]
[-0.8457075689216052, -0.5329492775486103, 0.0272722464993779;
  0.3848086021310635, -0.6444443741013981, -0.6607675751843414;
  0.3697310476476724, -0.548321544578974, 0.75009495142674]
[77.94304631330257;
  1053.512983083595;
  431.6986996658122]
[-0.7971105105002927, 0.4102917707385348, -0.4430299052143099;
  -0.6031406849192759, -0.5058629354867125, 0.616704146812613;
  0.02891622805743357, 0.7587907177641301, 0.6506923223689723]
[147.0656119838953;
  546.4468262183963;
  1365.462638806407]
0032FA2C 0032FA3C
[1178.86789454973;
  1178.17263349053;
  610.3321586481003;
  509.204515974393]
[-0.009974457785652174, -0.9968583343891113, 0.07857462281709599;
  0.7181165346047058, -0.06182273087392542, -0.6931714020894242;
  0.6958513870929699, 0.04951172695692258, 0.7164771008026234]
[6.762745533713169;
  1012.17567176813;
  369.9261466681058]
[-0.1509455250285738, 0.6789144629380945, -0.7185336460370708;
  -0.9870114814318036, -0.06307374880090735, 0.147749916189473;
  0.05498894430378232, 0.7315031471057922, 0.6796170699582793]
[50.17184772044841;
  631.4657438899468;
  1361.305631740754]
0032FA2C 0032FA3C
[578.6834469432283;
  576.7343467067722;
  329.9017579840126;
  225.533630237023]
[0.3791107808155578, 0.9242565708345835, -0.04499785704357739;
  -0.1912104219183762, 0.1258234447627604, 0.9734510954833986;
  0.9053803567668199, -0.3604417456637464, 0.2244285132590256]
[-83.12484911095369;
  -1404.515719297019;
  752.1185493339821]
[0.9008076507711085, 0.3009531403101986, -0.3130060441104396;
  -0.4334323014592683, 0.666566552328175, -0.6064861675001768;
  0.02611544301670099, 0.6819943098404563, 0.730891062321384]
[-157.3645115944187;
  152.2098135389973;
  1388.984661318636]
0032FA2C 0032FA3C
[572.003662109375;
  572.0003662109375;
  320.9049377441406;
  230.0379180908203]
[-0.6291825252483678, 0.767932954523493, -0.1200346919807174;
  -0.3622230953854253, -0.1530601504803969, 0.9194384261625784;
  0.6876945390880227, 0.6219739284662477, 0.3744658238301261]
[-165.2307739257813;
  -1976.588623046875;
  1893.5634765625]
[0.8711725655868136, -0.3634873802620659, 0.3300534583353269;
  0.4900207149713636, 0.685638417704745, -0.5383118604176275;
  -0.03062776302381021, 0.6306955561580833, 0.7754257253758116]
[-18.12026096393235;
  -54.91281350479393;
  1415.627769737507]
0032FA2C 0032FA3C
[582.2165003847491;
  581.2829860824975;
  313.291340957055;
  229.8086387072224]
[0.5431099752776478, 0.8379702821863023, -0.05326688395730667;
  -0.1511900929851952, 0.1599974551997485, 0.9754703327691376;
  0.82593771589451, -0.5217342431757888, 0.2135890188205993]
[-243.2675945560202;
  -1363.487411760743;
  962.9195327059372]
[0.6027693335088205, -0.5908682372040106, 0.5362311598972567;
  0.7962974573981474, 0.4882309708167126, -0.3571286581564347;
  -0.05078867907888318, 0.6422657124576985, 0.7647975318204334]
[186.9049679834757;
  -240.2122810123296;
  1426.904020028298]
0032FA2C 0032FA3C
[586.7208792963612;
  586.1907711271377;
  322.6505917977031;
  250.9803478974974]
[0.06499176864950923, 0.99614969980544, -0.05883745053399714;
  0.02405814446327681, 0.05738080184260058, 0.9980624475777478;
  0.9975957476316711, -0.06628136357553371, -0.02023623358669147]
[89.67605654243994;
  -1446.322714887219;
  971.845899209026]
[0.2312709075709921, -0.7185573191370436, 0.6558880593713186;
  0.9707786097822515, 0.2148265536289218, -0.1069506551880771;
  -0.06405199528920708, 0.6614566735399263, 0.7472432073488299]
[298.8850710363794;
  -152.7204627416262;
  1421.087467945253]
0032FA2C 0032FA3C