[1201.269977918132;
  1201.412266748644;
  651.0585412933205;
  526.7538739575667]
[1, 0, 0;
  0, 1, 0;
  0, 0, 1]
[-0.8169440077200575;
  -23.55768201538933;
  -8.81830868537414]
[0.04501778010919659, -0.9989642351949001, -0.006622407078121409;
  0.9984150146218979, 0.04476691598302812, 0.03410838329390756;
  -0.03377659028966119, -0.008147394358740069, 0.99939619866876]
[266.8075473326312;
  -162.6885635046226;
  1371.859551210942]
0024FAC0 0024FAD0
[1189.573479299401;
  1189.482761905774;
  645.3096278322648;
  536.7471363781031]
[0.7926430843457389, -0.5961759649219581, 0.1276368273197267;
  0.4587902673928667, 0.4453743076597987, -0.7688648884050675;
  0.4015326031400882, 0.6679939707257296, 0.6265425952715564]
[-155.9816093765627;
  1002.596419861615;
  509.4186040251719]
[0.0822505294126281, -0.7467232558337879, 0.6600297187311567;
  0.9955963528635318, 0.09145145189946491, -0.02060422554510916;
  -0.04497502169178214, 0.6588178892095047, 0.7509568804407856]
[135.7039479025777;
  -61.37515639003172;
  1419.531765077376]
0024FAC0 0024FAD0
[1192.593716566951;
  1192.925590458234;
  626.5559123057529;
  519.4349329214689]
[0.8734469310618505, 0.4866949631099068, 0.01478078151119186;
  -0.3238136170281264, 0.603266768643338, -0.7288442544726461;
  -0.363641581843712, 0.6318205589675536, 0.6845199640771122]
[-0.90273482800023;
  1057.522502612565;
  431.045788613354]
[-0.4155394033880056, -0.6765457847394332, 0.6079578977061199;
  0.9083737533443439, -0.2743289012696396, 0.3155959096111694;
  -0.04673466023252393, 0.6833955334061651, 0.7285509017587266]
[282.3302685768768;
  17.79286177690759;
  1414.692840719174]
0024FAC0 0024FAD0
[1193.638355484006;
  1192.620113128641;
  612.5747255872533;
  530.4153778570508]
[0.05119199128943627, 0.9984107017981667, 0.0235679986998148;
  -0.7176649637899462, 0.05318777387426776, -0.6943544199172891;
  -0.6945044130717943, 0.01863145848268338, 0.719247168210352]
[-55.68922310842498;
  1067.250438704299;
  439.7051985842579]
[-0.8761846282601604, -0.3351820247668805, 0.346343048831327;
  0.4813798025945168, -0.5728554190376065, 0.6634079849785592;
  -0.02395793928259776, 0.7479904271796682, 0.6632769692917945]
[418.5512557012902;
  181.1434779581014;
  1389.473118384764]
0024FAC0 0024FAD0
[1190.836592453181;
  1190.335683449359;
  642.8811370254879;
  535.5424867434479]
[-0.8921744776107357, 0.449246565931354, -0.04692786484485073;
  -0.3055932486921981, -0.6768442737707452, -0.6696973909292918;
  -0.3326221096886966, -0.5831460812374871, 0.7411499039220081]
[84.60536877404461;
  1079.250494719458;
  418.4848308033053]
[-0.9997809059439705, 0.01694918767363097, -0.01228271741340901;
  -0.0206878660539688, -0.7107992535717544, 0.7030906295208106;
  0.003186268662035646, 0.7031906897556599, 0.7109941642045823]
[330.3670644984495;
  335.6762591410355;
  1398.846997326054]
0024FAC0 0024FAD0
[1202.603932219114;
  1202.010935273486;
  652.779477269375;
  533.5957499301888]
[-0.8455770923227305, -0.5333187979305656, 0.02388390070598156;
  0.3846545000546092, -0.6396722450547524, -0.6654775236582762;
  0.3701895413525013, -0.5535254995756831, 0.7460356726006578]
[74.41524898843687;
  1061.834073344816;
  437.934585725433]
[-0.7971212041682353, 0.4117807715341764, -0.4416269716175645;
  -0.6033607066342785, -0.5146912945823992, 0.6091376929487111;
  0.0235296314286198, 0.7520169329714674, 0.6587236818036987]
[146.1006159044163;
  537.3121550417943;
  1372.258451373872]
0024FAC0 0024FAD0
[1186.25884980929;
  1185.947503664374;
  605.2176330167571;
  520.6756997461536]
[-0.00750210753372188, -0.9974902591838015, 0.07040526412126397;
  0.7101232381818015, -0.05488508078768499, -0.7019349075955135;
  0.7040374315167803, 0.04473042298438229, 0.7087527666844717]
[14.52743869088318;
  1012.092096321421;
  396.0885310358169]
[-0.1522108355880138, 0.6836231914618054, -0.7137865182427969;
  -0.9874002655750389, -0.07356015916615952, 0.1401057405169116;
  0.04327328358169158, 0.7261186095115766, 0.6862063740953108]
[48.56833256426748;
  623.1782010086066;
  1370.240027170965]
0024FAC0 0024FAD0
[573.2874720339739;
  569.3253578903083;
  403.027882966258;
  241.5360328180052]
[0.2629405885948808, 0.9625391176176844, -0.06618681080960759;
  -0.2149698746094445, 0.1253240419340811, 0.9685462495532693;
  0.940558451070308, -0.2404419505183608, 0.2398696907721957]
[-177.3658456905317;
  -1427.509454131112;
  682.3347675174704]
[0.9006250053734847, 0.3033120263384937, -0.3112497620472144;
  -0.4341682507529138, 0.6597464863014612, -0.6133779453575348;
  0.01930102935507982, 0.6875582800689064, 0.7258726346780966]
[-158.7044142139842;
  142.7655770067054;
  1392.339374809324]
0024FAC0 0024FAD0
[572.2404890156888;
  571.4463241626393;
  320.417258070919;
  232.4566473431446]
[-0.3228298861938414, 0.9451277184289464, -0.05014439587197705;
  -0.3135506123133405, -0.05681043007165493, 0.9478705547452155;
  0.893010010077155, 0.3217237493446321, 0.3146854795023623]
[396.1220744884976;
  -1534.087953199608;
  688.1106409317255]
[0.8714690455596514, -0.3623999772412737, 0.3304662753245393;
  0.4897470430769749, 0.6790914389729427, -0.5467930607743825;
  -0.02625902566184746, 0.6383581079685463, 0.7692914854345575]
[-19.23981618667077;
  -64.47389278217379;
  1415.997160814856]
0024FAC0 0024FAD0
[581.3099193912432;
  580.1796330536757;
  311.9982011335372;
  230.933686280844]
[0.5448831514217005, 0.8372523179015791, -0.04594461301599062;
  -0.1546376834764106, 0.1541891430603763, 0.9758652032997981;
  0.8241295639314279, -0.5246277388117595, 0.2134858251113047]
[-242.3413571893615;
  -1365.94457767232;
  966.5866460050115]
[0.6035304243290799, -0.5916931534509436, 0.5344625703156759;
  0.796171282064705, 0.4834928916279281, -0.3637937786173761;
  -0.0431545655128712, 0.6450843634010536, 0.7628917666162434]
[185.7284565896826;
  -249.9511105168515;
  1425.611003504344]
0024FAC0 0024FAD0
[577.9531199395391;
  577.6060131065605;
  321.0253554407194;
  260.0364515334289]
[0.06989905833316568, 0.9963665479266224, -0.04866028993874461;
  0.008773121333061573, 0.04816371025303068, 0.998800925788887;
  0.9975154905996259, -0.07024214680267177, -0.005374646624645652]
[87.21284768443765;
  -1462.457222998434;
  933.5192003831793]
[0.2317338022152307, -0.7171976672888552, 0.6572114963588942;
  0.9713042659129483, 0.2077805208745566, -0.1157379720074891;
  -0.05354874349768379, 0.6651727303344015, 0.7447669238690026]
[297.6910169604428;
  -162.3347600724393;
  1420.325604231112]
0024FAC0 0024FAD0