R1: [0.9980817201623301, -0.06156004960981845, -0.006575725803372123;
 0.06131010733806498, 0.9975686563377708, -0.03313376873597612;
 0.008599454401262474, 0.03266705044063345, 0.9994292937469412]
R2: [-0.6237681801459872, -0.09322915049640371, 0.7760293698920695;
 -0.216711348205467, -0.9333058627227462, -0.28631513785743;
 0.7509656776420159, -0.3467686434859258, 0.5619626846140219]
t: [0.4347784588472807;
 -0.180504055515422;
 0.8822618532300198]
_R: [0.9980817201623301, -0.06156004960981845, -0.006575725803372123;
 0.06131010733806498, 0.9975686563377708, -0.03313376873597612;
 0.008599454401262474, 0.03266705044063345, 0.9994292937469412]
_t: [-0.4347784588472807;
 0.180504055515422;
 -0.8822618532300198]
iter      cost      cost_change  |gradient|   |step|    tr_ratio  tr_radius  ls_iter  iter_time  total_time
   0  2.740779e-01    0.00e+00    1.40e+01   0.00e+00   0.00e+00  1.00e+04        0    2.01e+00    2.03e+00
   1  6.164002e-04    2.73e-01    7.14e-01   9.41e-02   9.98e-01  3.00e+04        1    2.00e+00    4.03e+00
   2  1.488790e-09    6.16e-04    1.11e-03   3.08e-03   1.00e+00  9.00e+04        1    2.05e+00    6.08e+00
   3  1.535575e-19    1.49e-09    7.11e-09   5.01e-06   1.00e+00  2.70e+05        1    2.02e+00    8.10e+00
K1: [707.0912, 0, 707.0912;
 0, 601.8873, 183.1104;
 0, 0, 1]
K2: [707.0912, 0, 707.0912;
 0, 601.8873, 183.1104;
 0, 0, 1]

init_R: [-0.6237681801459872, -0.09322915049640371, 0.7760293698920695;
 -0.216711348205467, -0.9333058627227462, -0.28631513785743;
 0.7509656776420159, -0.3467686434859258, 0.5619626846140219]
init_t: [-0.4347784588472807;
 0.180504055515422;
 -0.8822618532300198]

opt_R: [-0.5951949762290627, -0.1609867847283, 0.7872904136432308;
 -0.160986784530052, -0.9359772154411158, -0.3130972810194456;
 0.7872904136837691, -0.3130972809175114, 0.531172191670179]
opt_t: [-0.4495411934151212;
 0.1787778981598051;
 -0.8742961458673396]

R1: [-0.5579846747891984, -0.1021657819504732, 0.8235382539377518;
 -0.226609377115949, -0.935916458626207, -0.2696452719327772;
 0.798311526224891, -0.3370794201238456, 0.4990753165860418]
R2: [0.9980782054357801, -0.06178186712664643, -0.00478505260565204;
 0.06156063838005334, 0.9974019175447657, -0.03741260055469589;
 0.00708404096076265, 0.03704613032923029, 0.9992884471419132]
t: [0.4719422507167719;
 -0.1769929976533457;
 0.8636804911366648]
_R: [0.9980782054357801, -0.06178186712664643, -0.00478505260565204;
 0.06156063838005334, 0.9974019175447657, -0.03741260055469589;
 0.00708404096076265, 0.03704613032923029, 0.9992884471419132]
_t: [-0.4719422507167719;
 0.1769929976533457;
 -0.8636804911366648]
iter      cost      cost_change  |gradient|   |step|    tr_ratio  tr_radius  ls_iter  iter_time  total_time
   0  3.296575e-01    0.00e+00    1.09e+01   0.00e+00   0.00e+00  1.00e+04        0    1.97e+00    1.97e+00
   1  8.925838e-03    3.21e-01    1.31e+00   3.77e-01   9.73e-01  3.00e+04        1    1.98e+00    3.95e+00
   2  2.923697e-08    8.93e-03    2.34e-03   2.98e-02   1.00e+00  9.00e+04        1    1.98e+00    5.93e+00
   3  6.231423e-16    2.92e-08    2.79e-07   5.74e-04   1.00e+00  2.70e+05        1    1.97e+00    7.90e+00
   4  3.157639e-25    6.23e-16    2.19e-12   1.24e-08   1.00e+00  8.10e+05        1    1.98e+00    9.88e+00
K1: [707.0912, 0, 707.0912;
 0, 601.8873, 183.1104;
 0, 0, 1]
K2: [707.0912, 0, 707.0912;
 0, 601.8873, 183.1104;
 0, 0, 1]

init_R: [0.9980782054357801, -0.06178186712664643, -0.00478505260565204;
 0.06156063838005334, 0.9974019175447657, -0.03741260055469589;
 0.00708404096076265, 0.03704613032923029, 0.9992884471419132]
init_t: [-0.4719422507167719;
 0.1769929976533457;
 -0.8636804911366648]

opt_R: [1, 4.105448403444737e-13, 2.453405366050889e-14;
 -4.105448403444737e-13, 1, -1.782026620431302e-13;
 -2.453405366050889e-14, 1.782026620431302e-13, 1]
opt_t: [-0.3187963725682672;
 0.09164745456898793;
 -1.180980359676947]

R1: [0.7657916862282438, -0.6377736158351458, -0.0825100493774405;
 -0.6250318132663277, -0.7683282319893363, 0.1378657329910022;
 -0.1513219273889568, -0.05400502636519597, -0.9870081719107425]
R2: [0.9955132418622011, 0.01415407032646965, 0.09355772319912897;
 -0.0007487881684968833, 0.9898963477829075, -0.1417909022551836;
 -0.09461936690387641, 0.1410846658544215, 0.9854655206893116]
t: [0.9342401241588006;
 -0.3319296604787664;
 -0.1304534051153883]
_R: [0.9955132418622011, 0.01415407032646965, 0.09355772319912897;
 -0.0007487881684968833, 0.9898963477829075, -0.1417909022551836;
 -0.09461936690387641, 0.1410846658544215, 0.9854655206893116]
_t: [-0.9342401241588006;
 0.3319296604787664;
 0.1304534051153883]
iter      cost      cost_change  |gradient|   |step|    tr_ratio  tr_radius  ls_iter  iter_time  total_time
   0  3.349988e+00    0.00e+00    6.21e+01   0.00e+00   0.00e+00  1.00e+04        0    2.10e+00    2.11e+00
   1  3.612921e-04    3.35e+00    6.36e-01   1.78e-01   1.00e+00  3.00e+04        1    2.08e+00    4.18e+00
   2  1.288997e-08    3.61e-04    3.40e-03   9.09e-03   1.00e+00  9.00e+04        1    2.08e+00    6.26e+00
   3  2.347071e-13    1.29e-08    1.32e-05   6.51e-04   1.00e+00  2.70e+05        1    2.08e+00    8.34e+00
   4  1.563848e-19    2.35e-13    1.38e-09   1.10e-05   1.00e+00  8.10e+05        1    2.08e+00    1.04e+01
K1: [707.0912, 0, 707.0912;
 0, 601.8873, 183.1104;
 0, 0, 1]
K2: [707.0912, 0, 707.0912;
 0, 601.8873, 183.1104;
 0, 0, 1]

init_R: [0.9955132418622011, 0.01415407032646965, 0.09355772319912897;
 -0.0007487881684968833, 0.9898963477829075, -0.1417909022551836;
 -0.09461936690387641, 0.1410846658544215, 0.9854655206893116]
init_t: [-0.9342401241588006;
 0.3319296604787664;
 0.1304534051153883]

opt_R: [1, -3.613977990306735e-11, 7.429337145353327e-10;
 3.613977990306735e-11, 1, -3.063963114718389e-10;
 -7.429337145353327e-10, 3.063963114718389e-10, 1]
opt_t: [-0.9129413508632044;
 0.3430519641040976;
 0.06077775689470619]

R1: [-0.729769149630496, -0.01634401733911887, 0.6834982526274676;
 -0.1261011425556725, -0.9793450517775149, -0.1580562286183342;
 0.6719639053503819, -0.2015344701437342, 0.7126348063700981]
R2: [0.9984465994019537, -0.05289281956200347, -0.01751393106804544;
 0.05245668095101524, 0.9983228617170161, -0.02449000605862164;
 0.01877990325529677, 0.02353324057432955, 0.9995466481469447]
t: [0.360734122368099;
 -0.0988771861830042;
 0.9274126347057435]
_R: [0.9984465994019537, -0.05289281956200347, -0.01751393106804544;
 0.05245668095101524, 0.9983228617170161, -0.02449000605862164;
 0.01877990325529677, 0.02353324057432955, 0.9995466481469447]
_t: [-0.360734122368099;
 0.0988771861830042;
 -0.9274126347057435]
iter      cost      cost_change  |gradient|   |step|    tr_ratio  tr_radius  ls_iter  iter_time  total_time
   0  1.750222e-01    0.00e+00    6.99e+00   0.00e+00   0.00e+00  1.00e+04        0    2.06e+00    2.07e+00
   1  1.279416e-03    1.74e-01    5.39e-01   1.51e-01   9.93e-01  3.00e+04        1    2.07e+00    4.13e+00
   2  3.229904e-10    1.28e-03    2.67e-04   7.88e-03   1.00e+00  9.00e+04        1    2.07e+00    6.20e+00
   3  9.015094e-20    3.23e-10    1.52e-09   1.62e-05   1.00e+00  2.70e+05        1    2.07e+00    8.27e+00
K1: [707.0912, 0, 707.0912;
 0, 601.8873, 183.1104;
 0, 0, 1]
K2: [707.0912, 0, 707.0912;
 0, 601.8873, 183.1104;
 0, 0, 1]

init_R: [0.9984465994019537, -0.05289281956200347, -0.01751393106804544;
 0.05245668095101524, 0.9983228617170161, -0.02449000605862164;
 0.01877990325529677, 0.02353324057432955, 0.9995466481469447]
init_t: [-0.360734122368099;
 0.0988771861830042;
 -0.9274126347057435]

opt_R: [1, 1.676715331477259e-10, -2.557731625619242e-11;
 -1.676715331477259e-10, 1, -7.1455244648219e-11;
 2.557731625619242e-11, 7.1455244648219e-11, 1]
opt_t: [-0.2953343169670937;
 0.1357966033389504;
 -1.044740290861759]

R1: [-0.9980498889983342, -0.004535998642472902, -0.06225627507912598;
 0.0166190028508412, -0.9806678234217499, -0.194972892601745;
 -0.06016832900003165, -0.1956273110318785, 0.9788307960846861]
R2: [0.9998731301819017, 0.01163615804168484, -0.01087765444728222;
 -0.01167369334507535, 0.9999261015288037, -0.003393577035200684;
 0.01083736240654011, 0.003520128895030811, 0.9999350780268844]
t: [-0.03675019768613944;
 -0.0996802307857252;
 0.9943406230062887]
_R: [0.9998731301819017, 0.01163615804168484, -0.01087765444728222;
 -0.01167369334507535, 0.9999261015288037, -0.003393577035200684;
 0.01083736240654011, 0.003520128895030811, 0.9999350780268844]
_t: [-0.03675019768613944;
 -0.0996802307857252;
 0.9943406230062887]
iter      cost      cost_change  |gradient|   |step|    tr_ratio  tr_radius  ls_iter  iter_time  total_time
   0  1.945819e-04    0.00e+00    5.84e-02   0.00e+00   0.00e+00  1.00e+04        0    2.64e+00    2.65e+00
   1  1.071293e-04    8.75e-05    1.46e-01   2.10e-01   4.49e-01  9.99e+03        1    2.65e+00    5.30e+00
   2  5.285899e-06    1.02e-04    3.83e-02   4.82e-01   9.51e-01  3.00e+04        1    2.66e+00    7.96e+00
   3  6.009293e-10    5.29e-06    3.85e-04   1.60e-02   1.00e+00  8.99e+04        1    2.65e+00    1.06e+01
   4  7.372129e-15    6.01e-10    1.40e-06   1.05e-03   1.00e+00  2.70e+05        1    2.64e+00    1.33e+01
   5  2.143717e-23    7.37e-15    5.42e-12   4.84e-08   1.00e+00  8.09e+05        1    2.65e+00    1.59e+01
K1: [707.0912, 0, 707.0912;
 0, 601.8873, 183.1104;
 0, 0, 1]
K2: [707.0912, 0, 707.0912;
 0, 601.8873, 183.1104;
 0, 0, 1]

init_R: [0.9998731301819017, 0.01163615804168484, -0.01087765444728222;
 -0.01167369334507535, 0.9999261015288037, -0.003393577035200684;
 0.01083736240654011, 0.003520128895030811, 0.9999350780268844]
init_t: [0.03675019768613944;
 0.0996802307857252;
 -0.9943406230062887]

opt_R: [1, 1.331310215364122e-11, 4.567150182147691e-12;
 -1.331310215364122e-11, 1, -7.345783219376397e-12;
 -4.567150182147691e-12, 7.345783219376397e-12, 1]
opt_t: [-0.1020450149009846;
 0.5343945058676617;
 -1.018731755849591]

R1: [0.9998684045808477, 0.006943472326040675, -0.01466157266489344;
 -0.007010558819849237, 0.9999651684162015, -0.004529240487232938;
 0.01462961332311547, 0.00463143027749123, 0.9998822552018818]
R2: [-0.9998304411215877, -0.007158470601462877, 0.0169660043987814;
 0.00381234267718767, -0.981852726386328, -0.1896066711142996;
 0.01801541145583891, -0.1895098413971752, 0.9817135350822532]
t: [0.001157375381933554;
 -0.09750261703685031;
 0.9952345955367462]
_R: [0.9998684045808477, 0.006943472326040675, -0.01466157266489344;
 -0.007010558819849237, 0.9999651684162015, -0.004529240487232938;
 0.01462961332311547, 0.00463143027749123, 0.9998822552018818]
_t: [0.001157375381933554;
 -0.09750261703685031;
 0.9952345955367462]
iter      cost      cost_change  |gradient|   |step|    tr_ratio  tr_radius  ls_iter  iter_time  total_time
   0  2.349841e-04    0.00e+00    1.83e-01   0.00e+00   0.00e+00  1.00e+04        0    2.70e+00    2.71e+00
   1  6.545563e-08    2.35e-04    5.65e-03   1.60e-02   1.00e+00  3.00e+04        1    2.76e+00    5.47e+00
   2  3.335327e-15    6.55e-08    8.53e-07   1.40e-04   1.00e+00  9.00e+04        1    2.75e+00    8.22e+00
   3  3.075407e-22    3.34e-15    1.83e-11   1.30e-07   1.00e+00  2.70e+05        1    2.75e+00    1.10e+01
K1: [707.0912, 0, 707.0912;
 0, 601.8873, 183.1104;
 0, 0, 1]
K2: [707.0912, 0, 707.0912;
 0, 601.8873, 183.1104;
 0, 0, 1]

init_R: [-0.9998304411215877, -0.007158470601462877, 0.0169660043987814;
 0.00381234267718767, -0.981852726386328, -0.1896066711142996;
 0.01801541145583891, -0.1895098413971752, 0.9817135350822532]
init_t: [-0.001157375381933554;
 0.09750261703685031;
 -0.9952345955367462]

opt_R: [-0.9999510937139904, -0.0009493776181066873, 0.009844229900442283;
 -0.0009493775342634045, -0.9815705125924953, -0.1910979526086126;
 0.009844229908528131, -0.1910979526081961, 0.9815216063064862]
opt_t: [-0.004983168802385567;
 0.09673416437171574;
 -1.003050185219735]

R1: [-0.9967723096189123, -0.01897448344978473, -0.07800597255847022;
 0.0288626004041425, -0.991398051056038, -0.1276591346524018;
 -0.07491270302752191, -0.1294985457065179, 0.9887457780365018]
R2: [0.9995010164947031, 0.02490251232892775, -0.01943149262826611;
 -0.0250625251024756, 0.9996535937568897, -0.008035068414325018;
 0.01922466804765479, 0.008518061319496791, 0.999778902942953]
t: [-0.04882787879281261;
 -0.06799910165490794;
 0.9964898195298936]
_R: [0.9995010164947031, 0.02490251232892775, -0.01943149262826611;
 -0.0250625251024756, 0.9996535937568897, -0.008035068414325018;
 0.01922466804765479, 0.008518061319496791, 0.999778902942953]
_t: [-0.04882787879281261;
 -0.06799910165490794;
 0.9964898195298936]
iter      cost      cost_change  |gradient|   |step|    tr_ratio  tr_radius  ls_iter  iter_time  total_time
   0  1.162495e-03    0.00e+00    2.12e-01   0.00e+00   0.00e+00  1.00e+04        0    2.33e+00    2.34e+00
   1  2.685276e-04    8.94e-04    1.96e-01   3.10e-01   7.69e-01  1.18e+04        1    2.34e+00    4.68e+00
   2  2.842587e-08    2.68e-04    1.88e-03   1.71e-01   1.00e+00  3.55e+04        1    2.34e+00    7.02e+00
   3  3.274080e-11    2.84e-08    6.93e-05   2.02e-02   9.99e-01  1.07e+05        1    2.34e+00    9.36e+00
   4  1.703768e-17    3.27e-11    4.90e-08   1.25e-04   1.00e+00  3.20e+05        1    2.33e+00    1.17e+01
K1: [707.0912, 0, 707.0912;
 0, 601.8873, 183.1104;
 0, 0, 1]
K2: [707.0912, 0, 707.0912;
 0, 601.8873, 183.1104;
 0, 0, 1]

init_R: [0.9995010164947031, 0.02490251232892775, -0.01943149262826611;
 -0.0250625251024756, 0.9996535937568897, -0.008035068414325018;
 0.01922466804765479, 0.008518061319496791, 0.999778902942953]
init_t: [0.04882787879281261;
 0.06799910165490794;
 -0.9964898195298936]

opt_R: [1, 1.716101270757029e-09, 4.486530690317209e-10;
 -1.716101270757029e-09, 1, -1.17298896052577e-09;
 -4.486530690317209e-10, 1.17298896052577e-09, 1]
opt_t: [-0.0549552844149484;
 0.09239953287762649;
 -1.133483569972348]

R1: [0.999504548011678, 0.0246594253677031, -0.01955942853218623;
 -0.02481969264945291, 0.9996599828835161, -0.007993840010583661;
 0.01935565449055427, 0.008475338451223863, 0.9997767387158892]
R2: [-0.9969712847491303, -0.01887252012906685, -0.07544591022478522;
 0.02844191675638941, -0.991385490465044, -0.1278509548912587;
 -0.07238311099207467, -0.1296095570525646, 0.9889196367570759]
t: [-0.04760756265375605;
 -0.06807238065872942;
 0.9965438630434797]
_R: [0.999504548011678, 0.0246594253677031, -0.01955942853218623;
 -0.02481969264945291, 0.9996599828835161, -0.007993840010583661;
 0.01935565449055427, 0.008475338451223863, 0.9997767387158892]
_t: [-0.04760756265375605;
 -0.06807238065872942;
 0.9965438630434797]
iter      cost      cost_change  |gradient|   |step|    tr_ratio  tr_radius  ls_iter  iter_time  total_time
   0  1.164352e-03    0.00e+00    4.45e-01   0.00e+00   0.00e+00  1.00e+04        0    2.33e+00    2.34e+00
   1  5.953994e-07    1.16e-03    1.33e-02   3.67e-02   9.99e-01  3.00e+04        1    2.30e+00    4.63e+00
   2  4.239709e-13    5.95e-07    1.15e-05   8.76e-04   1.00e+00  9.00e+04        1    2.30e+00    6.93e+00
   3  2.548720e-22    4.24e-13    6.33e-11   6.74e-07   1.00e+00  2.70e+05        1    2.35e+00    9.28e+00
K1: [707.0912, 0, 707.0912;
 0, 601.8873, 183.1104;
 0, 0, 1]
K2: [707.0912, 0, 707.0912;
 0, 601.8873, 183.1104;
 0, 0, 1]

init_R: [-0.9969712847491303, -0.01887252012906685, -0.07544591022478522;
 0.02844191675638941, -0.991385490465044, -0.1278509548912587;
 -0.07238311099207467, -0.1296095570525646, 0.9889196367570759]
init_t: [0.04760756265375605;
 0.06807238065872942;
 -0.9965438630434797]

opt_R: [-0.9965696173555417, 0.005425752260967379, -0.08258062106954422;
 0.005425752318437925, -0.9914182203676981, -0.130615747652132;
 -0.08258062106576827, -0.1306157476545193, 0.9879878377232401]
opt_t: [0.04242579131445209;
 0.06710383600029476;
 -1.021328685251962]

R1: [0.9999082192446098, -0.005569863330659376, 0.01235029188121817;
 0.005425771013937916, 0.9999171815812888, 0.01167008943565059;
 -0.01241426985278707, -0.01160200849032415, 0.9998556292300469]
R2: [0.9666742997901452, -0.08690178960966843, -0.2408087977792123;
 -0.08999261484112668, -0.9959407220343561, -0.001845932756605527;
 -0.2396708730724057, 0.02345542914385097, -0.9705708193864004]
t: [0.9909832364484958;
 -0.04261419176716529;
 -0.1270285626860971]
_R: [0.9999082192446098, -0.005569863330659376, 0.01235029188121817;
 0.005425771013937916, 0.9999171815812888, 0.01167008943565059;
 -0.01241426985278707, -0.01160200849032415, 0.9998556292300469]
_t: [-0.9909832364484958;
 0.04261419176716529;
 0.1270285626860971]
iter      cost      cost_change  |gradient|   |step|    tr_ratio  tr_radius  ls_iter  iter_time  total_time
   0  1.934007e-02    0.00e+00    3.32e+00   0.00e+00   0.00e+00  1.00e+04        0    1.10e+00    1.11e+00
   1  2.751711e-06    1.93e-02    2.80e-02   5.12e-02   1.00e+00  3.00e+04        1    1.12e+00    2.23e+00
   2  9.466246e-12    2.75e-06    7.11e-05   1.70e-03   1.00e+00  9.00e+04        1    1.11e+00    3.34e+00
   3  1.013482e-21    9.47e-12    3.91e-10   2.05e-06   1.00e+00  2.70e+05        1    1.12e+00    4.46e+00
K1: [707.0912, 0, 707.0912;
 0, 601.8873, 183.1104;
 0, 0, 1]
K2: [707.0912, 0, 707.0912;
 0, 601.8873, 183.1104;
 0, 0, 1]

init_R: [0.9666742997901452, -0.08690178960966843, -0.2408087977792123;
 -0.08999261484112668, -0.9959407220343561, -0.001845932756605527;
 -0.2396708730724057, 0.02345542914385097, -0.9705708193864004]
init_t: [-0.9909832364484958;
 0.04261419176716529;
 0.1270285626860971]

opt_R: [0.9599821576813155, -0.08807037207531869, -0.2658530919437278;
 -0.08807037207430286, -0.9960426219152059, 0.0119459152422979;
 -0.2658530919440643, 0.01194591523480871, -0.96393953576611]
opt_t: [-0.9671114592868838;
 0.04345644970881878;
 0.1311795470751013]

R1: [0.9934960220830864, -0.08635128263107994, -0.07422337969299929;
 -0.08696695243541069, -0.9961981567732902, -0.00509721743664976;
 -0.07350104277614575, 0.01151904637836035, -0.9972286138500803]
R2: [0.9998360754029876, -0.004666893243804433, 0.0174940684291159;
 0.004537249092535549, 0.9999620058808415, 0.007443128739751225;
 -0.01752814004462375, -0.00736253368176706, 0.9998192623691349]
t: [0.9981076312157291;
 -0.04127446502724424;
 -0.0455804239300253]
_R: [0.9998360754029876, -0.004666893243804433, 0.0174940684291159;
 0.004537249092535549, 0.9999620058808415, 0.007443128739751225;
 -0.01752814004462375, -0.00736253368176706, 0.9998192623691349]
_t: [-0.9981076312157291;
 0.04127446502724424;
 0.0455804239300253]
iter      cost      cost_change  |gradient|   |step|    tr_ratio  tr_radius  ls_iter  iter_time  total_time
   0  8.361096e-03    0.00e+00    2.31e+00   0.00e+00   0.00e+00  1.00e+04        0    1.12e+00    1.12e+00
   1  1.623381e-05    8.34e-03    1.04e-01   1.53e-01   9.98e-01  3.00e+04        1    1.10e+00    2.22e+00
   2  8.397273e-10    1.62e-05    6.42e-04   3.76e-02   1.00e+00  9.00e+04        1    1.09e+00    3.32e+00
   3  4.701510e-18    8.40e-10    4.22e-08   1.49e-04   1.00e+00  2.70e+05        1    1.09e+00    4.41e+00
K1: [707.0912, 0, 707.0912;
 0, 601.8873, 183.1104;
 0, 0, 1]
K2: [707.0912, 0, 707.0912;
 0, 601.8873, 183.1104;
 0, 0, 1]

init_R: [0.9998360754029876, -0.004666893243804433, 0.0174940684291159;
 0.004537249092535549, 0.9999620058808415, 0.007443128739751225;
 -0.01752814004462375, -0.00736253368176706, 0.9998192623691349]
init_t: [-0.9981076312157291;
 0.04127446502724424;
 0.0455804239300253]

opt_R: [1, -3.065795711171119e-10, 8.287045043888487e-10;
 3.065795711171119e-10, 1, 1.676781708980839e-10;
 -8.287045043888487e-10, -1.676781708980839e-10, 1]
opt_t: [-1.150613727339039;
 0.06974646374335754;
 0.03864433444342322]

R1: [0.8501389034527744, 0.08948254662605276, -0.518899526580464;
 0.07557511448619378, -0.9959872050508131, -0.04793630613082357;
 -0.5211067519294986, 0.001536627601484632, -0.8534901240606726]
R2: [0.9999253331303828, -0.01164774116267842, 0.003695712366986403;
 0.01155707780414588, 0.9996529789749885, 0.02367183091904766;
 -0.003970153236484308, -0.02362735178216793, 0.9997129518672051]
t: [0.9610191083695553;
 0.04526096991085913;
 -0.2727521181426703]
_R: [0.9999253331303828, -0.01164774116267842, 0.003695712366986403;
 0.01155707780414588, 0.9996529789749885, 0.02367183091904766;
 -0.003970153236484308, -0.02362735178216793, 0.9997129518672051]
_t: [-0.9610191083695553;
 -0.04526096991085913;
 0.2727521181426703]
iter      cost      cost_change  |gradient|   |step|    tr_ratio  tr_radius  ls_iter  iter_time  total_time
   0  6.032785e-02    0.00e+00    5.52e+00   0.00e+00   0.00e+00  1.00e+04        0    9.58e-01    9.63e-01
   1  3.818587e-02    2.21e-02    4.00e+00   1.09e+00   3.67e-01  9.82e+03        1    9.83e-01    1.95e+00
   2  6.635748e-04    3.75e-02    4.71e-01   1.88e-01   9.83e-01  2.94e+04        1    9.62e-01    2.91e+00
   3  3.573238e-07    6.63e-04    1.09e-02   1.85e-02   9.99e-01  8.83e+04        1    1.00e+00    3.91e+00
   4  4.627644e-12    3.57e-07    4.01e-05   2.02e-03   1.00e+00  2.65e+05        1    9.72e-01    4.88e+00
   5  1.071648e-20    4.63e-12    1.95e-09   1.84e-05   1.00e+00  7.95e+05        1    9.79e-01    5.86e+00
K1: [707.0912, 0, 707.0912;
 0, 601.8873, 183.1104;
 0, 0, 1]
K2: [707.0912, 0, 707.0912;
 0, 601.8873, 183.1104;
 0, 0, 1]

init_R: [0.9999253331303828, -0.01164774116267842, 0.003695712366986403;
 0.01155707780414588, 0.9996529789749885, 0.02367183091904766;
 -0.003970153236484308, -0.02362735178216793, 0.9997129518672051]
init_t: [-0.9610191083695553;
 -0.04526096991085913;
 0.2727521181426703]

opt_R: [1, -1.975665237910928e-11, 1.060610389355344e-11;
 1.975665237910928e-11, 1, 1.803871743627049e-12;
 -1.060610389355344e-11, -1.803871743627049e-12, 1]
opt_t: [-0.2666248635447885;
 -0.5828256539702326;
 0.5078257845817028]

R1: [0.9479539802292316, 0.2411157290229654, 0.2079578240540166;
 0.2400327087612906, -0.9702755197136809, 0.0308174393658137;
 0.2092069551718461, 0.0207031655084941, -0.9776522023939044]
R2: [0.9999632765172284, -0.0003783794227538717, -0.008561684760692231;
 0.000325186004265246, 0.9999806431427906, -0.006213500929037958;
 0.008563870094277851, 0.006210488607585822, 0.9999440434145613]
t: [0.9864196534675634;
 0.1217165413169769;
 0.1102785147830924]
_R: [0.9999632765172284, -0.0003783794227538717, -0.008561684760692231;
 0.000325186004265246, 0.9999806431427906, -0.006213500929037958;
 0.008563870094277851, 0.006210488607585822, 0.9999440434145613]
_t: [-0.9864196534675634;
 -0.1217165413169769;
 -0.1102785147830924]
iter      cost      cost_change  |gradient|   |step|    tr_ratio  tr_radius  ls_iter  iter_time  total_time
   0  4.402081e-03    0.00e+00    1.73e+00   0.00e+00   0.00e+00  1.00e+04        0    1.03e+00    1.04e+00
   1  6.090868e-06    4.40e-03    6.40e-02   8.05e-02   9.99e-01  3.00e+04        1    1.05e+00    2.09e+00
   2  8.314621e-10    6.09e-06    7.42e-04   2.29e-02   1.00e+00  9.00e+04        1    1.02e+00    3.11e+00
   3  1.362265e-14    8.31e-10    3.02e-06   1.42e-03   1.00e+00  2.70e+05        1    1.05e+00    4.16e+00
   4  4.096496e-24    1.36e-14    1.23e-11   3.90e-08   1.00e+00  8.10e+05        1    1.06e+00    5.23e+00
K1: [707.0912, 0, 707.0912;
 0, 601.8873, 183.1104;
 0, 0, 1]
K2: [707.0912, 0, 707.0912;
 0, 601.8873, 183.1104;
 0, 0, 1]

init_R: [0.9999632765172284, -0.0003783794227538717, -0.008561684760692231;
 0.000325186004265246, 0.9999806431427906, -0.006213500929037958;
 0.008563870094277851, 0.006210488607585822, 0.9999440434145613]
init_t: [-0.9864196534675634;
 -0.1217165413169769;
 -0.1102785147830924]

opt_R: [1, 3.900432732550218e-14, -2.851053027230995e-12;
 -3.900432732550218e-14, 1, -5.748123619028303e-13;
 2.851053027230995e-12, 5.748123619028303e-13, 1]
opt_t: [-0.8874083200416604;
 -0.1411529194350233;
 -0.1019826621718302]

R1: [0.9987673163342442, 0.003844785962143979, -0.04948803333531296;
 -0.00553795153054211, 0.9994023271702637, -0.03412212683152731;
 0.049327263408151, 0.03435412737309375, 0.998191672484346]
R2: [0.9685457200570621, -0.08838964705921752, -0.2326079501046645;
 -0.07973961571468216, -0.9957375417781693, 0.04635020581662759;
 -0.2357133467685314, -0.02634422491393239, -0.9714654908790441]
t: [0.9946163281092455;
 -0.04311386100461111;
 -0.09423138992796873]
_R: [0.9987673163342442, 0.003844785962143979, -0.04948803333531296;
 -0.00553795153054211, 0.9994023271702637, -0.03412212683152731;
 0.049327263408151, 0.03435412737309375, 0.998191672484346]
_t: [0.9946163281092455;
 -0.04311386100461111;
 -0.09423138992796873]
iter      cost      cost_change  |gradient|   |step|    tr_ratio  tr_radius  ls_iter  iter_time  total_time
   0  2.126205e-01    0.00e+00    1.18e+01   0.00e+00   0.00e+00  1.00e+04        0    1.13e+00    1.13e+00
   1  2.461023e-04    2.12e-01    2.72e-01   1.29e-01   9.99e-01  3.00e+04        1    1.13e+00    2.26e+00
   2  4.893797e-09    2.46e-04    1.29e-03   1.16e-02   1.00e+00  9.00e+04        1    1.13e+00    3.39e+00
   3  6.162548e-18    4.89e-09    4.23e-08   4.93e-05   1.00e+00  2.70e+05        1    1.13e+00    4.51e+00
K1: [707.0912, 0, 707.0912;
 0, 601.8873, 183.1104;
 0, 0, 1]
K2: [707.0912, 0, 707.0912;
 0, 601.8873, 183.1104;
 0, 0, 1]

init_R: [0.9685457200570621, -0.08838964705921752, -0.2326079501046645;
 -0.07973961571468216, -0.9957375417781693, 0.04635020581662759;
 -0.2357133467685314, -0.02634422491393239, -0.9714654908790441]
init_t: [-0.9946163281092455;
 0.04311386100461111;
 0.09423138992796873]

opt_R: [0.9510419759462336, -0.08924035554619601, -0.2958974804392097;
 -0.08924035554156313, -0.9959181600622735, 0.01353430459946341;
 -0.2958974804406069, 0.01353430456891591, -0.9551238158839599]
opt_t: [-0.9606415136963163;
 0.04393959311063675;
 0.1456920985960139]

R1: [0.6643517795342939, -0.186477398119341, -0.7237837335974455;
 -0.1419617083677389, -0.982230619339292, 0.1227594549909038;
 -0.7338144086803763, 0.02119411293240642, -0.6790193098801227]
R2: [0.9997238798274455, 0.02347542915879672, -0.001033599811411212;
 -0.02349764112192021, 0.9984379351533397, -0.05069073395050505;
 -0.0001580014723822076, 0.05070102437373242, 0.9987138635079562]
t: [0.9111911995809588;
 -0.09059990890149427;
 -0.4018983133993652]
_R: [0.9997238798274455, 0.02347542915879672, -0.001033599811411212;
 -0.02349764112192021, 0.9984379351533397, -0.05069073395050505;
 -0.0001580014723822076, 0.05070102437373242, 0.9987138635079562]
_t: [-0.9111911995809588;
 0.09059990890149427;
 0.4018983133993652]
iter      cost      cost_change  |gradient|   |step|    tr_ratio  tr_radius  ls_iter  iter_time  total_time
   0  2.762104e-01    0.00e+00    1.14e+01   0.00e+00   0.00e+00  1.00e+04        0    1.09e+00    1.10e+00
   1  2.571066e-02    2.50e-01    1.24e+00   1.02e+00   9.07e-01  2.17e+04        1    1.06e+00    2.15e+00
   2  3.445424e-09    2.57e-02    2.83e-04   4.72e-02   1.00e+00  6.51e+04        1    1.06e+00    3.21e+00
   3  1.553456e-13    3.45e-09    3.14e-06   3.20e-03   1.00e+00  1.95e+05        1    1.09e+00    4.31e+00
   4  6.898997e-24    1.55e-13    1.46e-11   3.27e-07   1.00e+00  5.86e+05        1    1.11e+00    5.41e+00
K1: [707.0912, 0, 707.0912;
 0, 601.8873, 183.1104;
 0, 0, 1]
K2: [707.0912, 0, 707.0912;
 0, 601.8873, 183.1104;
 0, 0, 1]

init_R: [0.9997238798274455, 0.02347542915879672, -0.001033599811411212;
 -0.02349764112192021, 0.9984379351533397, -0.05069073395050505;
 -0.0001580014723822076, 0.05070102437373242, 0.9987138635079562]
init_t: [-0.9111911995809588;
 0.09059990890149427;
 0.4018983133993652]

opt_R: [1, 1.75629590653695e-12, 2.137267743113999e-13;
 -1.75629590653695e-12, 1, -1.153494898428527e-12;
 -2.137267743113999e-13, 1.153494898428527e-12, 1]
opt_t: [0.006903727435957026;
 0.1643036890426519;
 0.8079224052146451]

R1: [0.4813378262929747, -0.002794260219483775, 0.8765307120057917;
 -0.03001366861832323, -0.9994610587666034, 0.01329555208364416;
 0.8760211622304701, -0.03270755446323121, -0.4811622794914528]
R2: [0.9991794403574628, -0.01479210089540602, -0.03770463788511469;
 0.01395402165495106, 0.9996518236818378, -0.02239456829743494;
 0.03802277273688309, 0.02185006088493707, 0.9990379590349527]
t: [0.8508627738319579;
 -0.009229582166867862;
 0.525306914974486]
_R: [0.9991794403574628, -0.01479210089540602, -0.03770463788511469;
 0.01395402165495106, 0.9996518236818378, -0.02239456829743494;
 0.03802277273688309, 0.02185006088493707, 0.9990379590349527]
_t: [0.8508627738319579;
 -0.009229582166867862;
 0.525306914974486]
iter      cost      cost_change  |gradient|   |step|    tr_ratio  tr_radius  ls_iter  iter_time  total_time
   0  1.152732e-01    0.00e+00    8.68e+00   0.00e+00   0.00e+00  1.00e+04        0    1.22e+00    1.22e+00
   1  2.300870e-03    1.13e-01    1.19e+00   1.04e-01   9.80e-01  3.00e+04        1    1.25e+00    2.47e+00
   2  2.822822e-06    2.30e-03    4.14e-02   6.37e-02   9.99e-01  9.00e+04        1    1.21e+00    3.68e+00
   3  1.480124e-09    2.82e-06    9.53e-04   5.24e-02   9.99e-01  2.70e+05        1    1.21e+00    4.89e+00
   4  1.005459e-14    1.48e-09    2.47e-06   8.78e-04   1.00e+00  8.10e+05        1    1.22e+00    6.11e+00
   5  9.381329e-26    1.01e-14    3.22e-12   2.49e-08   1.00e+00  2.43e+06        1    1.22e+00    7.33e+00
K1: [707.0912, 0, 707.0912;
 0, 601.8873, 183.1104;
 0, 0, 1]
K2: [707.0912, 0, 707.0912;
 0, 601.8873, 183.1104;
 0, 0, 1]

init_R: [0.9991794403574628, -0.01479210089540602, -0.03770463788511469;
 0.01395402165495106, 0.9996518236818378, -0.02239456829743494;
 0.03802277273688309, 0.02185006088493707, 0.9990379590349527]
init_t: [-0.8508627738319579;
 0.009229582166867862;
 -0.525306914974486]

opt_R: [1, 8.732290218820185e-14, -3.28813447940681e-13;
 -8.732290218820185e-14, 1, -5.844206824246823e-14;
 3.28813447940681e-13, 5.844206824246823e-14, 1]
opt_t: [-0.8325749972340578;
 -0.05746935282994144;
 -0.5947657451049613]

R1: [0.9941782618554669, -0.1053638344492971, 0.02253987675617378;
 -0.105899188385638, -0.9940861430623409, 0.02404375325739235;
 0.01987323711189364, -0.02629073147670731, -0.9994567783977024]
R2: [0.9999876479534415, 9.656801198815873e-05, -0.004969367682380854;
 -0.0002206693002744439, 0.9996879574742534, -0.02497877070664692;
 0.004965404878108842, 0.02497955875459761, 0.9996756305916545]
t: [0.9985098392124496;
 -0.05313586071951368;
 0.01243709377324057]
_R: [0.9999876479534415, 9.656801198815873e-05, -0.004969367682380854;
 -0.0002206693002744439, 0.9996879574742534, -0.02497877070664692;
 0.004965404878108842, 0.02497955875459761, 0.9996756305916545]
_t: [-0.9985098392124496;
 0.05313586071951368;
 -0.01243709377324057]
iter      cost      cost_change  |gradient|   |step|    tr_ratio  tr_radius  ls_iter  iter_time  total_time
   0  1.170791e-01    0.00e+00    9.29e+00   0.00e+00   0.00e+00  1.00e+04        0    1.25e+00    1.26e+00
   1  5.683725e-04    1.17e-01    5.91e-01   4.62e+00   9.95e-01  3.00e+04        1    1.28e+00    2.54e+00
   2  4.498905e-06    5.64e-04    5.73e-02   6.00e-01   9.92e-01  9.00e+04        1    1.25e+00    3.78e+00
   3  1.897635e-09    4.50e-06    1.18e-03   7.81e-02   1.00e+00  2.70e+05        1    1.20e+00    4.98e+00
   4  5.253218e-16    1.90e-09    6.19e-07   1.03e-03   1.00e+00  8.10e+05        1    1.18e+00    6.16e+00
K1: [707.0912, 0, 707.0912;
 0, 601.8873, 183.1104;
 0, 0, 1]
K2: [707.0912, 0, 707.0912;
 0, 601.8873, 183.1104;
 0, 0, 1]

init_R: [0.9999876479534415, 9.656801198815873e-05, -0.004969367682380854;
 -0.0002206693002744439, 0.9996879574742534, -0.02497877070664692;
 0.004965404878108842, 0.02497955875459761, 0.9996756305916545]
init_t: [-0.9985098392124496;
 0.05313586071951368;
 -0.01243709377324057]

opt_R: [1, -3.692260485396407e-10, 3.128402472078913e-09;
 3.692260485396407e-10, 1, -1.383731705443407e-09;
 -3.128402472078913e-09, 1.383731705443407e-09, 1]
opt_t: [-5.006603998112527;
 -0.3079549295445314;
 -0.006713822516101172]

R1: [-0.1330951720753606, -0.09772306173736314, 0.9862737339982777;
 -0.1202162651235274, -0.9861877671631706, -0.1139374279921643;
 0.9837854058533191, -0.1337306662751495, 0.1195089290706962]
R2: [0.9999280505274841, -0.01190452395239153, -0.00147515347409527;
 0.01189057334651082, 0.9998876213713918, -0.009130109186166295;
 0.001583677301865594, 0.009111911859045078, 0.9999572315996702]
t: [0.6582639460946124;
 -0.0822614129033709;
 0.7482791171876243]
_R: [0.9999280505274841, -0.01190452395239153, -0.00147515347409527;
 0.01189057334651082, 0.9998876213713918, -0.009130109186166295;
 0.001583677301865594, 0.009111911859045078, 0.9999572315996702]
_t: [-0.6582639460946124;
 0.0822614129033709;
 -0.7482791171876243]
iter      cost      cost_change  |gradient|   |step|    tr_ratio  tr_radius  ls_iter  iter_time  total_time
   0  2.393847e-02    0.00e+00    3.92e+00   0.00e+00   0.00e+00  1.00e+04        0    2.22e+00    2.23e+00
   1  4.396207e-02   -2.00e-02    0.00e+00   1.04e+00  -8.36e-01  5.00e+03        1    1.83e-02    2.25e+00
   2  5.182562e-02   -2.79e-02    0.00e+00   1.11e+00  -1.16e+00  1.25e+03        1    1.11e-02    2.26e+00
   3  2.808814e-02   -4.15e-03    0.00e+00   9.77e-01  -1.73e-01  1.56e+02        1    1.07e-02    2.27e+00
   4  1.042874e-03    2.29e-02    4.82e-01   5.17e-01   9.57e-01  4.69e+02        1    2.19e+00    4.47e+00
   5  3.242937e-06    1.04e-03    2.48e-02   1.26e-01   9.97e-01  1.41e+03        1    2.16e+00    6.62e+00
   6  4.228481e-11    3.24e-06    7.59e-05   5.51e-03   1.00e+00  4.22e+03        1    2.20e+00    8.82e+00
   7  9.339694e-17    4.23e-11    7.55e-08   1.93e-04   1.00e+00  1.27e+04        1    2.26e+00    1.11e+01
K1: [707.0912, 0, 707.0912;
 0, 601.8873, 183.1104;
 0, 0, 1]
K2: [707.0912, 0, 707.0912;
 0, 601.8873, 183.1104;
 0, 0, 1]

init_R: [0.9999280505274841, -0.01190452395239153, -0.00147515347409527;
 0.01189057334651082, 0.9998876213713918, -0.009130109186166295;
 0.001583677301865594, 0.009111911859045078, 0.9999572315996702]
init_t: [-0.6582639460946124;
 0.0822614129033709;
 -0.7482791171876243]

opt_R: [1, 2.983209942344679e-09, -4.177863760882661e-09;
 -2.983209942344679e-09, 1, -1.552777758481819e-12;
 4.177863760882661e-09, 1.552777758481819e-12, 1]
opt_t: [-0.3179094477750762;
 0.2509814153599882;
 -1.088048693230516]

R1: [-0.6349715821893824, -0.07597860655715136, 0.7687901801906327;
 -0.09808920872152721, -0.9791684422228486, -0.1777854574684468;
 0.7662829744580633, -0.1882987336667823, 0.6142914535912]
R2: [0.9998811966052272, -0.01070595735559674, -0.01108941623345455;
 0.01066503640863619, 0.999936122637374, -0.003742678631343643;
 0.01112877682861541, 0.003623964960536394, 0.9999315062564355]
t: [0.4227244043153752;
 -0.1012753013452169;
 0.9005816960907248]
_R: [0.9998811966052272, -0.01070595735559674, -0.01108941623345455;
 0.01066503640863619, 0.999936122637374, -0.003742678631343643;
 0.01112877682861541, 0.003623964960536394, 0.9999315062564355]
_t: [-0.4227244043153752;
 0.1012753013452169;
 -0.9005816960907248]
iter      cost      cost_change  |gradient|   |step|    tr_ratio  tr_radius  ls_iter  iter_time  total_time
   0  6.375749e-03    0.00e+00    1.49e+00   0.00e+00   0.00e+00  1.00e+04        0    2.20e+00    2.21e+00
   1  1.950114e-05    6.36e-03    8.06e-02   4.84e-02   9.97e-01  3.00e+04        1    2.08e+00    4.30e+00
   2  1.869465e-11    1.95e-05    7.73e-05   3.42e-03   1.00e+00  9.00e+04        1    2.09e+00    6.39e+00
   3  1.388003e-20    1.87e-11    2.06e-09   1.45e-05   1.00e+00  2.70e+05        1    2.14e+00    8.53e+00
K1: [707.0912, 0, 707.0912;
 0, 601.8873, 183.1104;
 0, 0, 1]
K2: [707.0912, 0, 707.0912;
 0, 601.8873, 183.1104;
 0, 0, 1]

init_R: [0.9998811966052272, -0.01070595735559674, -0.01108941623345455;
 0.01066503640863619, 0.999936122637374, -0.003742678631343643;
 0.01112877682861541, 0.003623964960536394, 0.9999315062564355]
init_t: [-0.4227244043153752;
 0.1012753013452169;
 -0.9005816960907248]

opt_R: [1, 2.189320542095544e-11, 1.133296668696463e-11;
 -2.189320542095544e-11, 1, -1.966219301701178e-11;
 -1.133296668696463e-11, 1.966219301701178e-11, 1]
opt_t: [-0.3910447154868987;
 0.1012300544121157;
 -0.9319634774911629]

R1: [0.9999853667023849, 0.002854894422290113, -0.004595210434221064;
 -0.002913924040697247, 0.999912663290965, -0.01289088193471011;
 0.004558006996730729, 0.0129040833927547, 0.9999063502168645]
R2: [0.9503061543336034, -0.01199854218402305, -0.3110855959718102;
 -0.007834828765776358, -0.9998622693839616, 0.01463071155361972;
 -0.3112182971707945, -0.01146635285574607, -0.9502692746049927]
t: [0.9878480392819056;
 -0.005444383196087789;
 -0.1553274282878242]
_R: [0.9999853667023849, 0.002854894422290113, -0.004595210434221064;
 -0.002913924040697247, 0.999912663290965, -0.01289088193471011;
 0.004558006996730729, 0.0129040833927547, 0.9999063502168645]
_t: [-0.9878480392819056;
 0.005444383196087789;
 0.1553274282878242]
iter      cost      cost_change  |gradient|   |step|    tr_ratio  tr_radius  ls_iter  iter_time  total_time
   0  5.408258e-02    0.00e+00    8.12e+00   0.00e+00   0.00e+00  1.00e+04        0    2.13e+00    2.14e+00
   1  1.757675e-05    5.41e-02    1.31e-01   5.24e-02   1.00e+00  3.00e+04        1    2.00e+00    4.14e+00
   2  2.276032e-12    1.76e-05    3.11e-05   1.10e-03   1.00e+00  9.00e+04        1    1.98e+00    6.12e+00
   3  4.079772e-22    2.28e-12    2.25e-10   4.75e-07   1.00e+00  2.70e+05        1    2.07e+00    8.19e+00
K1: [707.0912, 0, 707.0912;
 0, 601.8873, 183.1104;
 0, 0, 1]
K2: [707.0912, 0, 707.0912;
 0, 601.8873, 183.1104;
 0, 0, 1]

init_R: [0.9503061543336034, -0.01199854218402305, -0.3110855959718102;
 -0.007834828765776358, -0.9998622693839616, 0.01463071155361972;
 -0.3112182971707945, -0.01146635285574607, -0.9502692746049927]
init_t: [-0.9878480392819056;
 0.005444383196087789;
 0.1553274282878242]

opt_R: [0.9423434311979422, -0.01064929042566187, -0.3344778771331794;
 -0.01064929042590977, -0.9999416131129278, 0.001833842561506518;
 -0.3344778771331715, 0.001833842562946116, -0.9424018180850148]
opt_t: [-0.9580129332908008;
 0.005252499527140974;
 0.1649729533385943]

R1: [0.9999408084121955, 0.0052261928742251, -0.009542881116638757;
 -0.005310537204812942, 0.9999468725070333, -0.008834611366627842;
 0.009496202744318727, 0.008884766257164799, 0.9999154379556271]
R2: [0.7297614550452909, 0.03601028038444753, -0.682752867761691;
 0.04332764484209251, -0.9990405365002091, -0.006381349529052293;
 -0.682327585491468, -0.02492521085182523, -0.7306215162047821]
t: [0.931778376392661;
 0.02047954701672277;
 -0.3624495074366172]
_R: [0.9999408084121955, 0.0052261928742251, -0.009542881116638757;
 -0.005310537204812942, 0.9999468725070333, -0.008834611366627842;
 0.009496202744318727, 0.008884766257164799, 0.9999154379556271]
_t: [-0.931778376392661;
 -0.02047954701672277;
 0.3624495074366172]
iter      cost      cost_change  |gradient|   |step|    tr_ratio  tr_radius  ls_iter  iter_time  total_time
   0  2.540201e-02    0.00e+00    4.88e+00   0.00e+00   0.00e+00  1.00e+04        0    2.05e+00    2.06e+00
   1  6.977036e-07    2.54e-02    2.23e-02   2.40e-02   1.00e+00  3.00e+04        1    2.08e+00    4.14e+00
   2  1.201457e-13    6.98e-07    9.24e-06   6.53e-04   1.00e+00  9.00e+04        1    2.08e+00    6.22e+00
   3  6.841241e-24    1.20e-13    5.19e-11   3.05e-07   1.00e+00  2.70e+05        1    2.08e+00    8.30e+00
K1: [707.0912, 0, 707.0912;
 0, 601.8873, 183.1104;
 0, 0, 1]
K2: [707.0912, 0, 707.0912;
 0, 601.8873, 183.1104;
 0, 0, 1]

init_R: [0.7297614550452909, 0.03601028038444753, -0.682752867761691;
 0.04332764484209251, -0.9990405365002091, -0.006381349529052293;
 -0.682327585491468, -0.02492521085182523, -0.7306215162047821]
init_t: [-0.931778376392661;
 -0.02047954701672277;
 0.3624495074366172]

opt_R: [0.7250475156904488, 0.03952939023785439, -0.6875634714690221;
 0.03952939023776439, -0.9990941857088802, -0.01575548761987485;
 -0.6875634714690272, -0.01575548761964907, -0.725953329981568]
