%YAML:1.0
pose_timestamp_0: !!opencv-matrix
   rows: 4
   cols: 4
   dt: d
   data: [ 1.24412403e-001, 9.90588665e-001, 5.70582859e-002,
       -1.91649200e+002, -8.68591607e-001, 1.36528164e-001,
       -4.76349354e-001, 5.16587677e+001, -4.79656339e-001,
       9.70342010e-003, 8.77402782e-001, 8.60354004e+002, 0., 0., 0., 1. ]
pose_timestamp_1: !!opencv-matrix
   rows: 4
   cols: 4
   dt: d
   data: [ 1.03321366e-001, 9.58191574e-001, 2.66821265e-001,
       -1.68802841e+002, -8.10903370e-001, 2.36490831e-001,
       -5.35264254e-001, 1.28918961e+002, -5.75986505e-001,
       -1.61062017e-001, 8.01435351e-001, 6.77618713e+002, 0., 0., 0.,
       1. ]
pose_timestamp_2: !!opencv-matrix
   rows: 4
   cols: 4
   dt: d
   data: [ 1.14730328e-001, 5.82297146e-001, -8.04839730e-001,
       -1.80546097e+002, -8.48379076e-001, -3.64061534e-001,
       -3.84333402e-001, 1.92202438e+002, -5.16807437e-001,
       7.26903856e-001, 4.52239782e-001, 5.62445496e+002, 0., 0., 0., 1. ]
pose_timestamp_3: !!opencv-matrix
   rows: 4
   cols: 4
   dt: d
   data: [ 1.98886961e-001, 7.16454923e-001, 6.68682516e-001,
       -6.68542862e+001, -8.92533481e-001, 4.14218813e-001,
       -1.78344488e-001, 7.01883316e+001, -4.04756665e-001,
       -5.61351120e-001, 7.21842766e-001, 8.57411255e+002, 0., 0., 0.,
       1. ]
camera_pose_0: !!opencv-matrix
   rows: 4
   cols: 4
   dt: d
   data: [ 1., 0., 0., 0., 0., 1., 0., 0., 0., 0., 1., 0., 0., 0., 0.,
       1. ]
