%YAML:1.0
K_0: !!opencv-matrix
   rows: 3
   cols: 3
   dt: d
   data: [ 6.53109253e+002, 0., 3.02408386e+002, 0., 6.52703735e+002,
       2.42239548e+002, 0., 0., 1. ]
DISTORTION_0: !!opencv-matrix
   rows: 1
   cols: 5
   dt: d
   data: [ -2.70356357e-001, 2.51641870e-001, -1.85436453e-003,
       -1.51748001e-003, -2.27387875e-001 ]
