iter      cost      cost_change  |gradient|   |step|    tr_ratio  tr_radius  ls_iter  iter_time  total_time
   0  9.916658e+002    0.00e+000    3.05e+005   0.00e+000   0.00e+000  1.00e+004        0    5.53e-003    6.77e-003
   1  2.403025e-003    9.92e+002    2.15e+002   2.91e-001   1.00e+000  3.00e+004        1    5.62e-003    2.05e-002
   2  7.232502e-008    2.40e-003    7.32e-002   2.69e-002   1.00e+000  9.00e+004        1    5.20e-003    2.86e-002
   3  6.047102e-013    7.23e-008    7.14e-005   2.26e-004   1.00e+000  2.70e+005        1    4.92e-003    3.80e-002
模拟环境测试：
True value:
K:
[1000, 0, 800;
  0, 800, 300;
  0, 0, 1]
T:
[0.0812486336, -0.745385349, 0.661664069, 142.05954;
  0.994988263, 0.09947892279999999, -0.0101128444, -67.1977615;
  -0.0582836643, 0.659169674, 0.749732196, 1407.62988]
D:
[0.001, 0.0001, 1e-005, 1e-006, 0]
Estimate value:
K:
[1001.721570680601, 0, 800;
  0, 800.7807253547833, 300;
  0, 0, 1]
T:
[0.08118807615025353, -0.7448267478284012, 0.6623002431000522, 141.9530784789348;
  0.9949884597929345, 0.0994787977744048, -0.01009622069109366, -67.19759339164612;
  -0.05836489672658414, 0.6598007915369054, 0.749170510843405, 1408.973130225498]
D:
[-0.01326946903972035, 0.1874363900584939, -7.98085742181327e-008, 1.454482262396743e-008, 0]
Optimized Estimate value:
K:
[1001.888244628906, 0, 800.0091552734375;
  0, 800.8518676757813, 300.0020141601563;
  0, 0, 1]
T:
[0.08118231481829248, -0.7447750312665527, 0.6623591054425457, 141.9291762523995;
  0.9949886255457547, 0.09947712845513869, -0.01009633343792371, -67.20116266130815;
  -0.0583700847636317, 0.6598594196616622, 0.7491184682601685, 1409.098326908254;
  0, 0, 0, 1]
D:
[-6.836341196681569e-009, 1.499437867205839e-008, -8.243023682232861e-010, 9.572465441845678e-011, 0]
真实环境测试：
True value:
K:
[3417.47827, 0, 2140.42261;
  0, 3405.60571, 1505.71912;
  0, 0, 1]
T:
[-0.0734567568, -0.993696034, -0.084689416, -28.1204967;
  0.997171819, -0.0745351538, 0.00963857863, -43.3865471;
  -0.0158901569, -0.08374187349999999, 0.996360779, 636.447327;
  0, 0, 0, 1]
D:
[0.0436973646, 0.567511022, 0.00631385902, 0.009890565650000001, -2.64674282]
Estimate value:
K:
[-1.#IND, 0, 2140.42261;
  0, -1.#IND, 1505.71912;
  0, 0, 1]
T:
[1.#QNAN, 1.#QNAN, 1.#QNAN, 1.#QNAN;
  1.#QNAN, 1.#QNAN, 1.#QNAN, 1.#QNAN;
  1.#QNAN, 1.#QNAN, 1.#QNAN, 1.#QNAN]
D:
[-0.0003359199886859612, 9.621408480477145e-006, -9.397182105558687e-008, -5.896635843350864e-007, 0]
Optimized Estimate value:
K:
[-1.#IND, 0, 2140.422607421875;
  0, -1.#IND, 1505.719116210938;
  0, 0, 1]
T:
[1, 0, 0, 1.#QNAN;
  0, 1, 0, 1.#QNAN;
  0, 0, 1, 1.#QNAN;
  0, 0, 0, 1]
D:
[-0.0003359199886859612, 9.621408480477145e-006, -9.397182105558687e-008, -5.896635843350864e-007, 0]
iter      cost      cost_change  |gradient|   |step|    tr_ratio  tr_radius  ls_iter  iter_time  total_time
   0  5.537127e-003    0.00e+000    5.47e+002   0.00e+000   0.00e+000  1.00e+004        0    1.57e-003    2.28e-003
   1  5.491074e-008    5.54e-003    7.38e-003   1.65e-003   1.00e+000  3.00e+004        1    1.65e-003    1.43e-002
   2  3.055867e-010    5.46e-008    1.21e-003   1.47e-003   1.00e+000  9.00e+004        1    1.71e-003    2.10e-002
   3  1.664690e-011    2.89e-010    3.88e-005   2.32e-004   1.00e+000  2.70e+005        1    1.36e-003    2.75e-002
   4  3.600602e-012    1.30e-011    2.94e-006   2.97e-004   1.00e+000  8.10e+005        1    1.37e-003    3.38e-002
   5  1.846248e-013    3.42e-012    5.83e-007   2.02e-004   1.00e+000  2.43e+006        1    1.70e-003    3.98e-002
   6  1.459191e-015    1.83e-013    5.49e-008   5.39e-005   1.00e+000  7.29e+006        1    1.48e-003    4.67e-002
真实环境测试：
True value:
K:
[3417.47827, 0, 2140.42261;
  0, 3405.60571, 1505.71912;
  0, 0, 1]
T:
[0.720769584, -0.691754401, 0.0443514325, -117.472466;
  0.56453824, 0.622936845, 0.541522145, -29.2738457;
  -0.402228445, -0.365274608, 0.839515805, 620.673767;
  0, 0, 0, 1]
D:
[0.0436973646, 0.567511022, 0.00631385902, 0.009890565650000001, -2.64674282]
Estimate value:
K:
[2735.232799487072, 0, 2140.42261;
  0, 2578.280346471397, 1505.71912;
  0, 0, 1]
T:
[0.7231047563384869, -0.6886393551597871, 0.05380845552299562, -117.8470844968336;
  0.5961303206075969, 0.6615180589989519, 0.4549972510582266, -30.74200186332228;
  -0.3489242786235165, -0.2969338245188173, 0.8888656544403585, 500.8558347408205]
D:
[-0.0001423796346104719, 9.225687586412728e-007, 5.247012166375956e-007, -3.267431374003385e-007, 0]
Optimized Estimate value:
K:
[2735.23291015625, 0, 2140.422607421875;
  0, 2578.2802734375, 1505.719116210938;
  0, 0, 1]
T:
[0.72310475615773, -0.688639355316728, 0.05380845594357109, -117.8470841117622;
  0.5961303207236834, 0.6615180590713832, 0.4549972508008246, -30.74200183063615;
  -0.3489242787997827, -0.2969338239934805, 0.888865654546659, 500.8558344445539;
  0, 0, 0, 1]
D:
[-1.377554868672981e-009, 1.264175353909108e-009, 1.373141744715061e-010, -4.355333669222234e-010, 0]
iter      cost      cost_change  |gradient|   |step|    tr_ratio  tr_radius  ls_iter  iter_time  total_time
   0  3.424471e-003    0.00e+000    2.51e+002   0.00e+000   0.00e+000  1.00e+004        0    1.42e-003    1.99e-003
   1  2.075562e-008    3.42e-003    2.48e-003   9.40e-004   1.00e+000  3.00e+004        1    1.67e-003    1.37e-002
   2  6.463866e-011    2.07e-008    4.65e-004   4.08e-004   1.00e+000  9.00e+004        1    1.40e-003    1.79e-002
   3  4.807198e-012    5.98e-011    1.15e-005   5.10e-004   1.00e+000  2.70e+005        1    1.69e-003    2.58e-002
   4  3.227358e-013    4.48e-012    6.95e-007   4.17e-004   1.00e+000  8.10e+005        1    1.93e-003    3.20e-002
   5  3.531610e-015    3.19e-013    6.95e-008   1.31e-004   1.00e+000  2.43e+006        1    1.40e-003    3.77e-002
真实环境测试：
True value:
K:
[3417.47827, 0, 2140.42261;
  0, 3405.60571, 1505.71912;
  0, 0, 1]
T:
[-0.024931673, -0.971533298, -0.235587373, -32.3005524;
  0.891337097, -0.128309488, 0.43480441, -24.8826447;
  -0.452655077, -0.199147359, 0.869162679, 655.922363;
  0, 0, 0, 1]
D:
[0.0436973646, 0.567511022, 0.00631385902, 0.009890565650000001, -2.64674282]
Estimate value:
K:
[3451.84275354058, 0, 2140.42261;
  0, 3460.380871392636, 1505.71912;
  0, 0, 1]
T:
[-0.02646716232078661, -0.9735170367285212, -0.2270772302940212, -32.14142912486077;
  0.8896668126808363, -0.1265234628304369, 0.4387308694036892, -24.7571166715221;
  -0.4558425734099516, -0.1904111145724268, 0.8694545161848771, 664.1425197937093]
D:
[-0.0002730765600758649, 5.062291747821739e-006, 9.639170793408149e-008, -5.096019553663755e-007, 0]
Optimized Estimate value:
K:
[3451.8427734375, 0, 2140.422607421875;
  0, 3460.380859375, 1505.719116210938;
  0, 0, 1]
T:
[-0.02646716236733925, -0.9735170367710172, -0.2270772301064083, -32.14142899017322;
  0.8896668124232009, -0.1265234628935195, 0.4387308699079348, -24.75711674048848;
  -0.4558425739100746, -0.1904111143132408, 0.8694545159794316, 664.1425217988726;
  0, 0, 0, 1]
D:
[-2.536184355020572e-009, 7.265645155426049e-009, 4.804616831327334e-010, -6.203240407164451e-010, 0]
请按任意键继续. . .



































