<?xml version="1.0"?>
<opencv_storage>
<pose_timestamp_0 type_id="opencv-matrix">
  <rows>4</rows>
  <cols>4</cols>
  <dt>d</dt>
  <data>
    4.5024987179447487e-002 -9.9896543351096279e-001
    -6.3885193703272971e-003 2.6634155957096539e+002
    9.9841647252501908e-001 4.4782521181636961e-002
    3.4045163934312797e-002 -1.8632881457171749e+002
    -3.3723847944571596e-002 -7.9112860440445527e-003
    9.9939987674250852e-001 1.3629993693582092e+003 0. 0. 0. 1.</data></pose_timestamp_0>
<pose_timestamp_1 type_id="opencv-matrix">
  <rows>4</rows>
  <cols>4</cols>
  <dt>d</dt>
  <data>
    8.2281108821716853e-002 -7.4653884751160937e-001
    6.6023447977753080e-001 1.3524543362365171e+002
    9.9558989429227573e-001 9.1526267247059173e-002
    -2.0584090626385554e-002 -8.5025342561720464e+001
    -4.5061974148545014e-002 6.5901645773065332e-001
    7.5077741503456130e-001 1.4107292437677706e+003 0. 0. 0. 1.</data></pose_timestamp_1>
<pose_timestamp_2 type_id="opencv-matrix">
  <rows>4</rows>
  <cols>4</cols>
  <dt>d</dt>
  <data>
    -4.1545554111078020e-001 -6.7643484730328973e-001
    6.0813862787535855e-001 2.8187254471498545e+002
    9.0842204506768498e-001 -2.7434130844711380e-001
    3.1544608812691011e-001 -5.8486558731963605e+000
    -4.6541179565988244e-002 6.8350036125323343e-001
    7.2846494409223683e-001 1.4058470465975936e+003 0. 0. 0. 1.</data></pose_timestamp_2>
<pose_timestamp_3 type_id="opencv-matrix">
  <rows>4</rows>
  <cols>4</cols>
  <dt>d</dt>
  <data>
    -8.7617993887580792e-001 -3.3502207779705567e-001
    3.4650962771635802e-001 4.1809633490903974e+002
    4.8139987902509279e-001 -5.7289728013400665e-001
    6.6335726640301729e-001 1.5750171557258372e+002
    -2.3724906453165107e-002 7.4803002199350332e-001
    6.6324069161216870e-001 1.3806032064978249e+003 0. 0. 0. 1.</data></pose_timestamp_3>
<pose_timestamp_4 type_id="opencv-matrix">
  <rows>4</rows>
  <cols>4</cols>
  <dt>d</dt>
  <data>
    -9.9978054653712156e-001 1.7103478331890493e-002
    -1.2096685285022704e-002 3.2991718393298555e+002
    -2.0667010512287864e-002 -7.1085300461837031e-001
    7.0303689839262351e-001 3.1203644910983559e+002
    3.4254112773965222e-003 7.0313261683268935e-001
    7.1105048323139031e-001 1.3900064828102386e+003 0. 0. 0. 1.</data></pose_timestamp_4>
<pose_timestamp_5 type_id="opencv-matrix">
  <rows>4</rows>
  <cols>4</cols>
  <dt>d</dt>
  <data>
    -7.9712363813825504e-001 4.1194328993921225e-001
    -4.4147098590427236e-001 1.4565144054545399e+002
    -6.0335148680926165e-001 -5.1472875996066914e-001
    6.0911516729958803e-001 5.1367269000108399e+002
    2.3683092836145753e-002 7.5190227393153286e-001
    6.5884905826016393e-001 1.3634683102072418e+003 0. 0. 0. 1.</data></pose_timestamp_5>
<pose_timestamp_6 type_id="opencv-matrix">
  <rows>4</rows>
  <cols>4</cols>
  <dt>d</dt>
  <data>
    -1.5221227107967061e-001 6.8378202527431042e-001
    -7.1363405639342303e-001 4.8119916868303505e+001
    -9.8740107562968815e-001 -7.3609659268497107e-002
    1.4007403009734054e-001 5.9954133034682047e+002
    4.3249744254778899e-002 7.2596402112924174e-001
    6.8637140066275937e-001 1.3614780253992635e+003 0. 0. 0. 1.</data></pose_timestamp_6>
<pose_timestamp_7 type_id="opencv-matrix">
  <rows>4</rows>
  <cols>4</cols>
  <dt>d</dt>
  <data>
    9.0062171030364335e-001 3.0349846899995403e-001
    -3.1107750520477079e-001 -1.5916082776925231e+002
    -4.3418605444366853e-001 6.5970859341826649e-001
    -6.1340609867911500e-001 1.1913049076966125e+002
    1.9052691578356706e-002 6.8751236431410923e-001
    7.2592268449115416e-001 1.3836073642579622e+003 0. 0. 0. 1.</data></pose_timestamp_7>
<pose_timestamp_8 type_id="opencv-matrix">
  <rows>4</rows>
  <cols>4</cols>
  <dt>d</dt>
  <data>
    8.7140833648164628e-001 -3.6208260198736297e-001
    3.3097386671510864e-001 -1.9709600326096123e+001
    4.8983119951749365e-001 6.7895790042044291e-001
    -5.4688350261816920e-001 -8.8136086815989529e+001
    -2.6700320026976115e-002 6.3868016940775962e-001
    7.6900892980233471e-001 1.4072474592079523e+003 0. 0. 0. 1.</data></pose_timestamp_8>
<pose_timestamp_9 type_id="opencv-matrix">
  <rows>4</rows>
  <cols>4</cols>
  <dt>d</dt>
  <data>
    6.0352415308663188e-001 -5.9143805915218417e-001
    5.3475192269627347e-001 1.8526553784053300e+002
    7.9617280408660940e-001 4.8336029934022717e-001
    -3.6396660156474736e-001 -2.7357420186226710e+002
    -4.3214149001562369e-002 6.4541757274498157e-001
    7.6260651329374785e-001 1.4167411153561309e+003 0. 0. 0. 1.</data></pose_timestamp_9>
<pose_timestamp_10 type_id="opencv-matrix">
  <rows>4</rows>
  <cols>4</cols>
  <dt>d</dt>
  <data>
    2.3171769179698815e-001 -7.1706236591007200e-001
    6.5736479575934570e-001 2.9724565246101065e+002
    9.7131356024850624e-001 2.0767640240725771e-001
    -1.1584679348411175e-001 -1.8596593400989988e+002
    -5.3449780033669847e-002 6.6535109173926288e-001
    7.4461469615884135e-001 1.4114512412317281e+003 0. 0. 0. 1.</data></pose_timestamp_10>
</opencv_storage>
