<?xml version="1.0"?>
<opencv_storage>
<camera_pose_0 type_id="opencv-matrix">
  <rows>4</rows>
  <cols>4</cols>
  <dt>d</dt>
  <data>
    1. 0. 0. 0. 0. 1. 0. 0. 0. 0. 1. 0. 0. 0. 0. 1.</data></camera_pose_0>
<camera_pose_1 type_id="opencv-matrix">
  <rows>4</rows>
  <cols>4</cols>
  <dt>d</dt>
  <data>
    7.9267097986916224e-001 -5.9618131077697378e-001
    1.2743846496843655e-001 -1.6827691014004304e+002
    4.5870899216233596e-001 4.4555106185842480e-001
    -7.6881097272752541e-001 1.0067829713845312e+003
    4.0157039007212181e-001 6.6787131691447810e-001
    6.2664912499758940e-001 5.3077382979200900e+002 0. 0. 0. 1.</data></camera_pose_1>
<camera_pose_2 type_id="opencv-matrix">
  <rows>4</rows>
  <cols>4</cols>
  <dt>d</dt>
  <data>
    8.7350127721591653e-001 4.8660499170718263e-001
    1.4529306515289414e-002 1.1341014537380497e+001
    -3.2394362814096422e-001 6.0326940407101004e-001
    -7.2878429723662208e-001 1.0650404151271775e+003
    -3.6339516299619512e-001 6.3188733818415854e-001
    6.8458918144644065e-001 4.5178835645624440e+002 0. 0. 0. 1.</data></camera_pose_2>
<camera_pose_3 type_id="opencv-matrix">
  <rows>4</rows>
  <cols>4</cols>
  <dt>d</dt>
  <data>
    5.1248004110500955e-002 9.9840743396394394e-001
    2.3584695889982576e-002 -3.1943859550723239e+001
    -7.1784530572464633e-001 5.3244572572494125e-002
    -6.9416362087094530e-001 1.0618365982310224e+003
    -6.9431387651679499e-001 1.8644336864187205e-002
    7.1943076774566395e-001 4.4594825929629980e+002 0. 0. 0. 1.</data></camera_pose_3>
<camera_pose_4 type_id="opencv-matrix">
  <rows>4</rows>
  <cols>4</cols>
  <dt>d</dt>
  <data>
    -8.9216701511135199e-001 4.4928387345904619e-001
    -4.6712077634553234e-002 9.4033969213218512e+001
    -3.0575197158424328e-001 -6.7677615424190007e-001
    -6.6969378742966712e-001 1.0571241322358512e+003
    -3.3249623910602188e-001 -5.8319639753618158e-001
    7.4116679153964538e-001 4.1095101788521902e+002 0. 0. 0. 1.</data></camera_pose_4>
<camera_pose_5 type_id="opencv-matrix">
  <rows>4</rows>
  <cols>4</cols>
  <dt>d</dt>
  <data>
    -8.4570652927103251e-001 -5.3311594438639398e-001
    2.3829733304161993e-002 6.1234897838014128e+001
    3.8437446847643048e-001 -6.3951133409985428e-001
    -6.6579390320224918e-001 1.0411022786292715e+003
    3.7018473000895891e-001 -5.5390671001426550e-001
    7.4575506855090590e-001 4.3236416601269940e+002 0. 0. 0. 1.</data></camera_pose_5>
<camera_pose_6 type_id="opencv-matrix">
  <rows>4</rows>
  <cols>4</cols>
  <dt>d</dt>
  <data>
    -7.4640683424235799e-003 -9.9749196276702912e-001
    7.0385168174545543e-002 -8.3894307314419709e+000
    7.1002158339210797e-001 -5.4850451018385482e-002
    -7.0204043981842212e-001 1.0052612733269465e+003
    7.0414035447568502e-001 4.4734910732660949e-002
    7.0865023033976160e-001 4.0445307956555303e+002 0. 0. 0. 1.</data></camera_pose_6>
<camera_pose_7 type_id="opencv-matrix">
  <rows>4</rows>
  <cols>4</cols>
  <dt>d</dt>
  <data>
    3.9373081568195167e-001 9.1869073134569801e-001
    -3.1358968763835871e-002 -5.6461387056168554e+001
    -1.7825009440196643e-001 1.0977220111023325e-001
    9.7784301792726658e-001 -1.3853361413262205e+003
    9.0177766030663831e-001 -3.7941718991490198e-001
    2.0697740787091770e-001 7.8664161380598102e+002 0. 0. 0. 1.</data></camera_pose_7>
<camera_pose_8 type_id="opencv-matrix">
  <rows>4</rows>
  <cols>4</cols>
  <dt>d</dt>
  <data>
    -3.2208250379825765e-001 9.4540144455092501e-001
    -4.9789249723905193e-002 4.1843362258161699e+002
    -3.1351668995743742e-001 -5.6890283833380628e-002
    9.4787698607123549e-001 -1.5275127072688274e+003
    8.9329174733967920e-001 3.2090435373547277e-001
    3.1472249663543461e-001 6.9894189290168492e+002 0. 0. 0. 1.</data></camera_pose_8>
<camera_pose_9 type_id="opencv-matrix">
  <rows>4</rows>
  <cols>4</cols>
  <dt>d</dt>
  <data>
    5.4668129600026505e-001 8.3609964884161547e-001
    -4.5573433164481814e-002 -2.2044740987242628e+002
    -1.5454213367568687e-001 1.5423897457293165e-001
    9.7587246484448786e-001 -1.3539739386312390e+003
    8.2295582476973594e-001 -5.2644820821199256e-001
    2.1353218621075798e-001 9.5752015033658506e+002 0. 0. 0. 1.</data></camera_pose_9>
<camera_pose_10 type_id="opencv-matrix">
  <rows>4</rows>
  <cols>4</cols>
  <dt>d</dt>
  <data>
    6.9888896987266580e-002 9.9637016563264091e-001
    -4.8600772782817048e-002 1.1027990538971750e+002
    8.8651992093682908e-003 4.8097619517999790e-002
    9.9880329757148878e-001 -1.4526248608513308e+003
    9.9751538851332078e-001 -7.0236116306964802e-002
    -5.4715304287784039e-003 9.3257216749835413e+002 0. 0. 0. 1.</data></camera_pose_10>
</opencv_storage>
