<?xml version="1.0"?>
<opencv_storage>
<images>
  "0-0-0.png" "0-0-1.png" "0-0-2.png" "0-0-3.png" "0-0-4.png"
  "0-0-5.png" "0-0-6.png" "0-0-7.png" "0-0-8.png" "0-0-9.png"
  "0-0-10.png" "0-1-0.png" "0-1-1.png" "0-1-2.png" "0-1-3.png"
  "0-1-4.png" "0-1-5.png" "0-1-6.png" "0-1-7.png" "0-1-8.png"
  "0-1-9.png" "0-1-10.png" "0-2-0.png" "0-2-1.png" "0-2-2.png"
  "0-2-3.png" "0-2-4.png" "0-2-5.png" "0-2-6.png" "0-2-7.png"
  "0-2-8.png" "0-2-9.png" "0-2-10.png" "0-3-0.png" "0-3-1.png"
  "0-3-2.png" "0-3-3.png" "0-3-4.png" "0-3-5.png" "0-3-6.png"
  "0-3-7.png" "0-3-8.png" "0-3-9.png" "0-3-10.png" "0-4-0.png"
  "0-4-1.png" "0-4-2.png" "0-4-3.png" "0-4-4.png" "0-4-5.png"
  "0-4-6.png" "0-4-7.png" "0-4-8.png" "0-4-9.png" "0-4-10.png"
  "0-5-0.png" "0-5-1.png" "0-5-2.png" "0-5-3.png" "0-5-4.png"
  "0-5-5.png" "0-5-6.png" "0-5-7.png" "0-5-8.png" "0-5-9.png"
  "0-5-10.png" "0-6-0.png" "0-6-1.png" "0-6-2.png" "0-6-3.png"
  "0-6-4.png" "0-6-5.png" "0-6-6.png" "0-6-7.png" "0-6-8.png"
  "0-6-9.png" "0-6-10.png" "0-7-0.png" "0-7-1.png" "0-7-2.png"
  "0-7-3.png" "0-7-4.png" "0-7-5.png" "0-7-6.png" "0-7-7.png"
  "0-7-8.png" "0-7-9.png" "0-7-10.png" "0-8-0.png" "0-8-1.png"
  "0-8-2.png" "0-8-3.png" "0-8-4.png" "0-8-5.png" "0-8-6.png"
  "0-8-7.png" "0-8-8.png" "0-8-9.png" "0-8-10.png" "0-9-0.png"
  "0-9-1.png" "0-9-2.png" "0-9-3.png" "0-9-4.png" "0-9-5.png"
  "0-9-6.png" "0-9-7.png" "0-9-8.png" "0-9-9.png" "0-9-10.png"
  "0-10-0.png" "0-10-1.png" "0-10-2.png" "0-10-3.png" "0-10-4.png"
  "0-10-5.png" "0-10-6.png" "0-10-7.png" "0-10-8.png" "0-10-9.png"
  "0-10-10.png"</images>
</opencv_storage>
