<?xml version="1.0"?>
<opencv_storage>
<K_0 type_id="opencv-matrix">
  <rows>3</rows>
  <cols>3</cols>
  <dt>d</dt>
  <data>
    1.2013387495410457e+003 0. 6.5074443742808864e+002 0.
    1.2014745447538257e+003 5.2682446752908379e+002 0. 0. 1.</data></K_0>
<K_1 type_id="opencv-matrix">
  <rows>3</rows>
  <cols>3</cols>
  <dt>d</dt>
  <data>
    1.1895984082615935e+003 0. 6.4527691607338068e+002 0.
    1.1894956948844349e+003 5.3650699912741186e+002 0. 0. 1.</data></K_1>
<K_2 type_id="opencv-matrix">
  <rows>3</rows>
  <cols>3</cols>
  <dt>d</dt>
  <data>
    1.1926490750025289e+003 0. 6.2667190471678725e+002 0.
    1.1929853811260652e+003 5.1952599735551371e+002 0. 0. 1.</data></K_2>
<K_3 type_id="opencv-matrix">
  <rows>3</rows>
  <cols>3</cols>
  <dt>d</dt>
  <data>
    1.1936813188880997e+003 0. 6.1262527179758706e+002 0.
    1.1926654644209418e+003 5.3039915342057748e+002 0. 0. 1.</data></K_3>
<K_4 type_id="opencv-matrix">
  <rows>3</rows>
  <cols>3</cols>
  <dt>d</dt>
  <data>
    1.1908208951198135e+003 0. 6.4294224887743678e+002 0.
    1.1902639068074243e+003 5.3562777909839065e+002 0. 0. 1.</data></K_4>
<K_5 type_id="opencv-matrix">
  <rows>3</rows>
  <cols>3</cols>
  <dt>d</dt>
  <data>
    1.2028516145344388e+003 0. 6.5316667005909540e+002 0.
    1.2022786772088234e+003 5.3391217078039676e+002 0. 0. 1.</data></K_5>
<K_6 type_id="opencv-matrix">
  <rows>3</rows>
  <cols>3</cols>
  <dt>d</dt>
  <data>
    1.1867352061358440e+003 0. 6.0519711658253334e+002 0.
    1.1864038120759785e+003 5.2054144805159399e+002 0. 0. 1.</data></K_6>
<K_7 type_id="opencv-matrix">
  <rows>3</rows>
  <cols>3</cols>
  <dt>d</dt>
  <data>
    5.8181700362420304e+002 0. 3.2156893735111589e+002 0.
    5.8128661615379656e+002 2.1784240295471980e+002 0. 0. 1.</data></K_7>
<K_8 type_id="opencv-matrix">
  <rows>3</rows>
  <cols>3</cols>
  <dt>d</dt>
  <data>
    5.7234782557724475e+002 0. 3.1990007305850520e+002 0.
    5.7157646175727336e+002 2.3258217342400030e+002 0. 0. 1.</data></K_8>
<K_9 type_id="opencv-matrix">
  <rows>3</rows>
  <cols>3</cols>
  <dt>d</dt>
  <data>
    5.8154594642220650e+002 0. 3.1071371460901287e+002 0.
    5.8033380773780584e+002 2.3101496896131553e+002 0. 0. 1.</data></K_9>
<K_10 type_id="opencv-matrix">
  <rows>3</rows>
  <cols>3</cols>
  <dt>d</dt>
  <data>
    5.7804195342486128e+002 0. 3.2102636484965586e+002 0.
    5.7765593397824102e+002 2.6009176336995034e+002 0. 0. 1.</data></K_10>
</opencv_storage>
