<?xml version="1.0"?>
<opencv_storage>
<CAM_NUM>7</CAM_NUM>
<SN_3>"204001000797"</SN_3>
<WIDTH_3>640</WIDTH_3>
<HEIGHT_3>480</HEIGHT_3>
<K_3 type_id="opencv-matrix">
  <rows>3</rows>
  <cols>3</cols>
  <dt>f</dt>
  <data>
    1.18002392e+003 0. 6.26110220e+002 0. 1.180023926e+003
    5.20400623e+002 0. 0. 1.</data></K_3>
<DISTORTION_3 type_id="opencv-matrix">
  <rows>1</rows>
  <cols>5</cols>
  <dt>f</dt>
  <data>
    0. 0. 0. 0. 0.</data></DISTORTION_3>
<SN_6>"204001000720"</SN_6>
<WIDTH_6>640</WIDTH_6>
<HEIGHT_6>480</HEIGHT_6>
<K_6 type_id="opencv-matrix">
  <rows>3</rows>
  <cols>3</cols>
  <dt>f</dt>
  <data>
    1.18654161e+003 0. 6.24082908e+002 0. 1.18654161e+003
    4.95478693e+002 0. 0. 1.</data></K_6>
<DISTORTION_6 type_id="opencv-matrix">
  <rows>1</rows>
  <cols>5</cols>
  <dt>f</dt>
  <data>
    0. 0. 0. 0. 0.</data></DISTORTION_6>
<SN_2>"204001000777"</SN_2>
<WIDTH_2>640</WIDTH_2>
<HEIGHT_2>480</HEIGHT_2>
<K_2 type_id="opencv-matrix">
  <rows>3</rows>
  <cols>3</cols>
  <dt>f</dt>
  <data>
    1.18657513e+003 0. 6.28087232e+002 0. 1.18657513e+003
    5.01019791e+002 0. 0. 1.</data></K_2>
<DISTORTION_2 type_id="opencv-matrix">
  <rows>1</rows>
  <cols>5</cols>
  <dt>f</dt>
  <data>
    0. 0. 0. 0. 0.</data></DISTORTION_2>
<SN_5>"204001000798"</SN_5>
<WIDTH_5>640</WIDTH_5>
<HEIGHT_5>480</HEIGHT_5>
<K_5 type_id="opencv-matrix">
  <rows>3</rows>
  <cols>3</cols>
  <dt>f</dt>
  <data>
    1.19313445e+003 0. 6.53624127e+002 0. 1.19313445e+003
    5.19378599e+002 0. 0. 1.</data></K_5>
<DISTORTION_5 type_id="opencv-matrix">
  <rows>1</rows>
  <cols>5</cols>
  <dt>f</dt>
  <data>
    0. 0. 0. 0. 0.</data></DISTORTION_5>
<SN_1>"204001000719"</SN_1>
<WIDTH_1>640</WIDTH_1>
<HEIGHT_1>480</HEIGHT_1>
<K_1 type_id="opencv-matrix">
  <rows>3</rows>
  <cols>3</cols>
  <dt>f</dt>
  <data>
    1.1764661e+003 0. 6.34392167e+002 0. 1.1764661e+003
    5.0710372e+002 0. 0. 1.</data></K_1>
<DISTORTION_1 type_id="opencv-matrix">
  <rows>1</rows>
  <cols>5</cols>
  <dt>f</dt>
  <data>
    0. 0. 0. 0. 0.</data></DISTORTION_1>
<SN_4>"204001000796"</SN_4>
<WIDTH_4>640</WIDTH_4>
<HEIGHT_4>480</HEIGHT_4>
<K_4 type_id="opencv-matrix">
  <rows>3</rows>
  <cols>3</cols>
  <dt>f</dt>
  <data>
    1.18207832e+003 0. 6.40638244e+002 0. 1.182027832e+003
    5.10841371e+002 0. 0. 1.</data></K_4>
<DISTORTION_4 type_id="opencv-matrix">
  <rows>1</rows>
  <cols>5</cols>
  <dt>f</dt>
  <data>
    0. 0. 0. 0. 0.</data></DISTORTION_4>
<SN_0>"204001000795"</SN_0>
<WIDTH_0>640</WIDTH_0>
<HEIGHT_0>480</HEIGHT_0>
<K_0 type_id="opencv-matrix">
  <rows>3</rows>
  <cols>3</cols>
  <dt>f</dt>
  <data>
    1.19482627e+003 0. 6.4531654e+002 0. 1.19482627e+003
    5.11578137e+002 0. 0. 1.</data></K_0>
<DISTORTION_0 type_id="opencv-matrix">
  <rows>1</rows>
  <cols>5</cols>
  <dt>f</dt>
  <data>
    0. 0. 0. 0. 0.</data></DISTORTION_0>

<K_7 type_id="opencv-matrix">
  <rows>3</rows>
  <cols>3</cols>
  <dt>f</dt>
  <data>
    5.07902636e+002 0. 3.21015686e+002 0. 5.079026367e+002
    2.20756404e+002 0. 0. 1.</data></K_7>
<DISTORTION_7 type_id="opencv-matrix">
  <rows>1</rows>
  <cols>5</cols>
  <dt>f</dt>
  <data>
    0. 0. 0. 0. 0.</data></DISTORTION_7>

<K_8 type_id="opencv-matrix">
  <rows>3</rows>
  <cols>3</cols>
  <dt>f</dt>
  <data>
    5.07200732e+002 0. 3.20909851e+002 0. 5.07200732e+002
    2.30075836e+002 0. 0. 1.</data></K_8>
<DISTORTION_8 type_id="opencv-matrix">
  <rows>1</rows>
  <cols>5</cols>
  <dt>f</dt>
  <data>
    0. 0. 0. 0. 0.</data></DISTORTION_8>

<K_9 type_id="opencv-matrix">
  <rows>3</rows>
  <cols>3</cols>
  <dt>f</dt>
  <data>
    5.08062195e+002 0. 3.10760939e+002 0. 5.08062195e+002
    2.31465392e+002 0. 0. 1.</data></K_9>
<DISTORTION_9 type_id="opencv-matrix">
  <rows>1</rows>
  <cols>5</cols>
  <dt>f</dt>
  <data>
    0. 0. 0. 0. 0.</data></DISTORTION_9>

<K_10 type_id="opencv-matrix">
  <rows>3</rows>
  <cols>3</cols>
  <dt>f</dt>
  <data>
    5.076079e+002 0. 3.21762025e+002 0. 5.076079e+002
    2.5929529e+002 0. 0. 1.</data></K_10>
<DISTORTION_10 type_id="opencv-matrix">
  <rows>1</rows>
  <cols>5</cols>
  <dt>f</dt>
  <data>
    0. 0. 0. 0. 0.</data></DISTORTION_10>
</opencv_storage>
