<?xml version="1.0"?>
<opencv_storage>
<camera_pose_0 type_id="opencv-matrix">
  <rows>4</rows>
  <cols>4</cols>
  <dt>f</dt>
  <data>
    1. 0. 0. -5.75742197e+000 0. 1. 0. -1.03515196e+001 0. 0. 1.
    2.23345876e+000 0. 0. 0. 1.</data></camera_pose_0>
<camera_pose_1 type_id="opencv-matrix">
  <rows>4</rows>
  <cols>4</cols>
  <dt>f</dt>
  <data>
    7.91398823e-001 -5.97701430e-001 1.28222287e-001 -1.67380707e+002
    4.61266339e-001 4.46233094e-001 -7.66882896e-001 9.98896362e+002
    4.01149988e-001 6.66054845e-001 6.28847897e-001 5.26178406e+002 0.
    0. 0. 1.</data></camera_pose_1>
<camera_pose_2 type_id="opencv-matrix">
  <rows>4</rows>
  <cols>4</cols>
  <dt>f</dt>
  <data>
    8.74414027e-001 4.84860033e-001 1.76308639e-002 -5.44921272e-002
    -3.20102364e-001 6.03829622e-001 -7.30016649e-001 1.06011987e+003
    -3.64601910e-001 6.32693112e-001 6.83201909e-001 4.47977417e+002 0.
    0. 0. 1.</data></camera_pose_2>
<camera_pose_3 type_id="opencv-matrix">
  <rows>4</rows>
  <cols>4</cols>
  <dt>f</dt>
  <data>
    6.03273660e-002 9.98036027e-001 1.68716628e-002 -4.81643791e+001
    -7.15716422e-001 5.50317466e-002 -6.96219444e-001 1.06646252e+003
    -6.95780575e-001 2.99257580e-002 7.17630744e-001 4.51524323e+002 0.
    0. 0. 1.</data></camera_pose_3>
<camera_pose_4 type_id="opencv-matrix">
  <rows>4</rows>
  <cols>4</cols>
  <dt>f</dt>
  <data>
    -8.92943859e-001 4.47676659e-001 -4.72957231e-002 9.55402527e+001
    -3.02818537e-001 -6.75079465e-001 -6.72732234e-001 1.06647119e+003
    -3.33094895e-001 -5.86390078e-001 7.38372862e-001 4.27817535e+002 0.
    0. 0. 1.</data></camera_pose_4>
<camera_pose_5 type_id="opencv-matrix">
  <rows>4</rows>
  <cols>4</cols>
  <dt>f</dt>
  <data>
    -8.42838526e-001 -5.37606835e-001 2.45385971e-002 7.51211624e+001
    3.83219749e-001 -6.31560683e-001 -6.73998296e-001 1.04105542e+003
    3.77843708e-001 -5.58668077e-001 7.38325238e-001 4.50238525e+002 0.
    0. 0. 1.</data></camera_pose_5>
<camera_pose_6 type_id="opencv-matrix">
  <rows>4</rows>
  <cols>4</cols>
  <dt>f</dt>
  <data>
    -8.26304220e-003 -9.97700751e-001 6.72678575e-002 1.47554302e+000
    7.16438830e-001 -5.28360829e-002 -6.95646286e-001 1.00396985e+003
    6.97600961e-001 4.24451530e-002 7.15228140e-001 3.92333618e+002 0.
    0. 0. 1.</data></camera_pose_6>
<camera_pose_7 type_id="opencv-matrix">
  <rows>4</rows>
  <cols>4</cols>
  <dt>f</dt>
  <data>
    3.92496228e-001 9.19348657e-001 -2.72893310e-002 -7.00129318e+001
    -1.84014156e-001 1.07562125e-001 9.77020562e-001 -1.38722937e+003
    9.01157856e-001 -3.78455281e-001 2.11390898e-001 7.84577271e+002 0.
    0. 0. 1.</data></camera_pose_7>
<camera_pose_8 type_id="opencv-matrix">
  <rows>4</rows>
  <cols>4</cols>
  <dt>f</dt>
  <data>
    -3.29913050e-001 9.42606866e-001 -5.14751226e-002 4.04320618e+002
    -3.14750254e-001 -5.84273264e-002 9.47374523e-001 -1.52321997e+003
    8.89994204e-001 3.28753054e-001 3.15961689e-001 7.00077820e+002 0.
    0. 0. 1.</data></camera_pose_8>
<camera_pose_9 type_id="opencv-matrix">
  <rows>4</rows>
  <cols>4</cols>
  <dt>f</dt>
  <data>
    5.50921261e-001 8.33612025e-001 -3.97085622e-002 -2.27527771e+002
    -1.60205603e-001 1.52333185e-001 9.75258291e-001 -1.35685779e+003
    8.19036007e-001 -5.30928969e-001 2.17472911e-001 9.55707458e+002 0.
    0. 0. 1.</data></camera_pose_9>
<camera_pose_10 type_id="opencv-matrix">
  <rows>4</rows>
  <cols>4</cols>
  <dt>f</dt>
  <data>
    7.09099174e-002 9.96444643e-001 -4.54952009e-002 9.99795227e+001
    5.12009114e-003 4.52458076e-002 9.98962760e-001 -1.45305383e+003
    9.97469604e-001 -7.10693076e-002 -1.89351104e-003 9.28472351e+002 0.
    0. 0. 1.</data></camera_pose_10>
<pose_timestamp_0 type_id="opencv-matrix">
  <rows>4</rows>
  <cols>4</cols>
  <dt>f</dt>
  <data>
    4.52466905e-002 -9.98916388e-001 -1.08996816e-002 2.66022339e+002
    9.98489201e-001 4.48814295e-002 3.17014866e-002 -1.79547455e+002
    -3.11779398e-002 -1.23176016e-002 9.99437928e-001 1.36445593e+003 0.
    0. 0. 1.</data></pose_timestamp_0>
<pose_timestamp_1 type_id="opencv-matrix">
  <rows>4</rows>
  <cols>4</cols>
  <dt>f</dt>
  <data>
    8.24406818e-002 -7.49705434e-001 6.56616569e-001 1.34748901e+002
    9.95716155e-001 8.96417797e-002 -2.26655658e-002 -7.83389282e+001
    -4.18677777e-002 6.55672252e-001 7.53883958e-001 1.41178748e+003 0.
    0. 0. 1.</data></pose_timestamp_1>
<pose_timestamp_2 type_id="opencv-matrix">
  <rows>4</rows>
  <cols>4</cols>
  <dt>f</dt>
  <data>
    -4.15365070e-001 -6.79439485e-001 6.04842007e-001 2.81403778e+002
    9.08491194e-001 -2.76227266e-001 3.13595623e-001 8.56728852e-001
    -4.59953956e-002 6.79750323e-001 7.31999934e-001 1.40779517e+003 0.
    0. 0. 1.</data></pose_timestamp_2>
<pose_timestamp_3 type_id="opencv-matrix">
  <rows>4</rows>
  <cols>4</cols>
  <dt>f</dt>
  <data>
    -8.76092136e-001 -3.38454515e-001 3.43381852e-001 4.17717346e+002
    4.81418192e-001 -5.75016320e-001 6.61507905e-001 1.64295242e+002
    -2.64401697e-002 7.44852126e-001 6.66705489e-001 1.38361670e+003 0.
    0. 0. 1.</data></pose_timestamp_3>
<pose_timestamp_4 type_id="opencv-matrix">
  <rows>4</rows>
  <cols>4</cols>
  <dt>f</dt>
  <data>
    -9.99783993e-001 1.39496038e-002 -1.54068032e-002 3.29489166e+002
    -2.07489785e-002 -7.12729275e-001 7.01132298e-001 3.18769775e+002
    -1.20036199e-003 7.01300502e-001 7.12864757e-001 1.39301941e+003 0.
    0. 0. 1.</data></pose_timestamp_4>
<pose_timestamp_5 type_id="opencv-matrix">
  <rows>4</rows>
  <cols>4</cols>
  <dt>f</dt>
  <data>
    -7.97070563e-001 4.08517718e-001 -4.44737911e-001 1.45296082e+002
    -6.03600383e-001 -5.16293883e-001 6.07541919e-001 5.20393127e+002
    1.85761526e-002 7.52697766e-001 6.58104122e-001 1.36612451e+003 0.
    0. 0. 1.</data></pose_timestamp_5>
<pose_timestamp_6 type_id="opencv-matrix">
  <rows>4</rows>
  <cols>4</cols>
  <dt>f</dt>
  <data>
    -1.52683154e-001 6.80782557e-001 -7.16395795e-001 4.78012276e+001
    -9.87445772e-001 -7.53963813e-002 1.38802856e-001 6.06261658e+002
    4.04809155e-002 7.28594899e-001 6.83747590e-001 1.36388953e+003 0.
    0. 0. 1.</data></pose_timestamp_6>
<pose_timestamp_7 type_id="opencv-matrix">
  <rows>4</rows>
  <cols>4</cols>
  <dt>f</dt>
  <data>
    9.00591671e-001 3.00537109e-001 -3.14025700e-001 -1.59564789e+002
    -4.34120089e-001 6.58107817e-001 -6.15169823e-001 1.25791862e+002
    2.17814073e-002 6.90341651e-001 7.23155558e-001 1.38395959e+003 0.
    0. 0. 1.</data></pose_timestamp_7>
<pose_timestamp_8 type_id="opencv-matrix">
  <rows>4</rows>
  <cols>4</cols>
  <dt>f</dt>
  <data>
    8.71611953e-001 -3.65083814e-001 3.27118397e-001 -2.01988964e+001
    4.89742458e-001 6.77265108e-001 -5.49057603e-001 -8.14224472e+001
    -2.10938305e-002 6.38768911e-001 7.69109428e-001 1.40756250e+003 0.
    0. 0. 1.</data></pose_timestamp_8>
<pose_timestamp_9 type_id="opencv-matrix">
  <rows>4</rows>
  <cols>4</cols>
  <dt>f</dt>
  <data>
    6.03832364e-001 -5.93991578e-001 5.31564176e-001 1.84619843e+002
    7.96189606e-001 4.81503636e-001 -3.66382778e-001 -2.66858643e+002
    -3.83217819e-002 6.44459665e-001 7.63677418e-001 1.41746777e+003 0.
    0. 0. 1.</data></pose_timestamp_9>
<pose_timestamp_10 type_id="opencv-matrix">
  <rows>4</rows>
  <cols>4</cols>
  <dt>f</dt>
  <data>
    2.32214540e-001 -7.19825745e-001 6.54161572e-001 2.96641357e+002
    9.71404731e-001 2.05848768e-001 -1.18317962e-001 -1.79277115e+002
    -4.94900420e-002 6.62930787e-001 7.47043192e-001 1.41289038e+003 0.
    0. 0. 1.</data></pose_timestamp_10>
</opencv_storage>
