<?xml version="1.0"?>
<opencv_storage>
<camera_pose_0 type_id="opencv-matrix">
  <rows>4</rows>
  <cols>4</cols>
  <dt>f</dt>
  <data>
    1. 0. 0. -2.21945057e+001 0. 1. 0. -7.43339109e+000 0. 0. 1.
    -5.67847109e+000 0. 0. 0. 1.</data></camera_pose_0>
<camera_pose_1 type_id="opencv-matrix">
  <rows>4</rows>
  <cols>4</cols>
  <dt>f</dt>
  <data>
    7.91422963e-001 -5.97597361e-001 1.28557965e-001 -1.83039124e+002
    4.60923165e-001 4.45280820e-001 -7.67642379e-001 9.97905579e+002
    4.01496649e-001 6.66785121e-001 6.27851903e-001 5.19494629e+002 0.
    0. 0. 1.</data></camera_pose_1>
<camera_pose_2 type_id="opencv-matrix">
  <rows>4</rows>
  <cols>4</cols>
  <dt>f</dt>
  <data>
    8.74499619e-001 4.84702796e-001 1.77092440e-002 -1.32832508e+001
    -3.19785535e-001 6.03639245e-001 -7.30312884e-001 1.07271790e+003
    -3.64674687e-001 6.32995188e-001 6.82883203e-001 4.50917908e+002 0.
    0. 0. 1.</data></camera_pose_2>
<camera_pose_3 type_id="opencv-matrix">
  <rows>4</rows>
  <cols>4</cols>
  <dt>f</dt>
  <data>
    6.04050532e-002 9.98032153e-001 1.68253444e-002 -4.65329742e+001
    -7.15608478e-001 5.50506748e-002 -6.96328938e-001 1.08401624e+003
    -6.95884883e-001 3.00214272e-002 7.17525601e-001 4.57963501e+002 0.
    0. 0. 1.</data></camera_pose_3>
<camera_pose_4 type_id="opencv-matrix">
  <rows>4</rows>
  <cols>4</cols>
  <dt>f</dt>
  <data>
    -8.92863572e-001 4.47795063e-001 -4.76889797e-002 1.11763123e+002
    -3.02233785e-001 -6.74374700e-001 -6.73701406e-001 1.07435583e+003
    -3.33840400e-001 -5.87110162e-001 7.37463355e-001 4.29139679e+002 0.
    0. 0. 1.</data></camera_pose_4>
<camera_pose_5 type_id="opencv-matrix">
  <rows>4</rows>
  <cols>4</cols>
  <dt>f</dt>
  <data>
    -8.42889428e-001 -5.37538886e-001 2.42758598e-002 8.71467133e+001
    3.83063465e-001 -6.31124794e-001 -6.74495280e-001 1.03796826e+003
    3.77888560e-001 -5.59225798e-001 7.37879932e-001 4.38264893e+002 0.
    0. 0. 1.</data></camera_pose_5>
<camera_pose_6 type_id="opencv-matrix">
  <rows>4</rows>
  <cols>4</cols>
  <dt>f</dt>
  <data>
    -8.15997738e-003 -9.97693419e-001 6.73890039e-002 -1.76752985e+000
    7.16770828e-001 -5.28265871e-002 -6.95304930e-001 9.97800842e+002
    6.97261035e-001 4.26287986e-002 7.15548635e-001 3.75233795e+002 0.
    0. 0. 1.</data></camera_pose_6>
<camera_pose_7 type_id="opencv-matrix">
  <rows>4</rows>
  <cols>4</cols>
  <dt>f</dt>
  <data>
    3.92626226e-001 9.19292748e-001 -2.73040589e-002 -7.33431854e+001
    -1.83954671e-001 1.07585192e-001 9.77029204e-001 -1.39151086e+003
    9.01113391e-001 -3.78584564e-001 2.11348966e-001 7.67695251e+002 0.
    0. 0. 1.</data></camera_pose_7>
<camera_pose_8 type_id="opencv-matrix">
  <rows>4</rows>
  <cols>4</cols>
  <dt>f</dt>
  <data>
    -3.29935879e-001 9.42593694e-001 -5.15696481e-002 4.12949249e+002
    -3.15139830e-001 -5.84843941e-002 9.47241485e-001 -1.52587024e+003
    8.89847875e-001 3.28780591e-001 3.16344917e-001 6.84315002e+002 0.
    0. 0. 1.</data></camera_pose_8>
<camera_pose_9 type_id="opencv-matrix">
  <rows>4</rows>
  <cols>4</cols>
  <dt>f</dt>
  <data>
    5.51644921e-001 8.33144486e-001 -3.94737236e-002 -2.32925781e+002
    -1.60273969e-001 1.52327716e-001 9.75247920e-001 -1.36142688e+003
    8.18535328e-001 -5.31663954e-001 2.17562184e-001 9.39135437e+002 0.
    0. 0. 1.</data></camera_pose_9>
<camera_pose_10 type_id="opencv-matrix">
  <rows>4</rows>
  <cols>4</cols>
  <dt>f</dt>
  <data>
    7.03467578e-002 9.96482849e-001 -4.55335155e-002 1.01517799e+002
    4.50612651e-003 4.53286879e-002 9.98961985e-001 -1.46132800e+003
    9.97512400e-001 -7.04789162e-002 -1.30155147e-003 9.11023743e+002 0.
    0. 0. 1.</data></camera_pose_10>
<pose_timestamp_0 type_id="opencv-matrix">
  <rows>4</rows>
  <cols>4</cols>
  <dt>f</dt>
  <data>
    4.52466607e-002 -9.98913288e-001 -1.11805741e-002 2.82049561e+002
    9.98488128e-001 4.48720455e-002 3.17490175e-002 -1.82339935e+002
    -3.12128179e-002 -1.26002077e-002 9.99433339e-001 1.37247510e+003 0.
    0. 0. 1.</data></pose_timestamp_0>
<pose_timestamp_1 type_id="opencv-matrix">
  <rows>4</rows>
  <cols>4</cols>
  <dt>f</dt>
  <data>
    8.25299993e-002 -7.49768257e-001 6.56533599e-001 1.50735779e+002
    9.95708108e-001 8.97210464e-002 -2.27037892e-002 -8.11438141e+001
    -4.18823063e-002 6.55589581e-001 7.53955007e-001 1.41973950e+003 0.
    0. 0. 1.</data></pose_timestamp_1>
<pose_timestamp_2 type_id="opencv-matrix">
  <rows>4</rows>
  <cols>4</cols>
  <dt>f</dt>
  <data>
    -4.15265620e-001 -6.79638386e-001 6.04686856e-001 2.97389008e+002
    9.08535540e-001 -2.76223689e-001 3.13470274e-001 -1.95177984e+000
    -4.60175946e-002 6.79552913e-001 7.32181787e-001 1.41575439e+003 0.
    0. 0. 1.</data></pose_timestamp_2>
<pose_timestamp_3 type_id="opencv-matrix">
  <rows>4</rows>
  <cols>4</cols>
  <dt>f</dt>
  <data>
    -8.76060188e-001 -3.38646442e-001 3.43274146e-001 4.33729767e+002
    4.81462181e-001 -5.74893415e-001 6.61582768e-001 1.61486267e+002
    -2.66965907e-002 7.44859815e-001 6.66686654e-001 1.39166919e+003 0.
    0. 0. 1.</data></pose_timestamp_3>
<pose_timestamp_4 type_id="opencv-matrix">
  <rows>4</rows>
  <cols>4</cols>
  <dt>f</dt>
  <data>
    -9.99781787e-001 1.37418043e-002 -1.57344006e-002 3.45507599e+002
    -2.08305903e-002 -7.12728918e-001 7.01130271e-001 3.15995575e+002
    -1.57956674e-003 7.01304972e-001 7.12859631e-001 1.40105603e+003 0.
    0. 0. 1.</data></pose_timestamp_4>
<pose_timestamp_5 type_id="opencv-matrix">
  <rows>4</rows>
  <cols>4</cols>
  <dt>f</dt>
  <data>
    -7.97086716e-001 4.08366680e-001 -4.44847584e-001 1.61310776e+002
    -6.03586197e-001 -5.16408801e-001 6.07458353e-001 5.17621704e+002
    1.83425546e-002 7.52700865e-001 6.58107102e-001 1.37411328e+003 0.
    0. 0. 1.</data></pose_timestamp_5>
<pose_timestamp_6 type_id="opencv-matrix">
  <rows>4</rows>
  <cols>4</cols>
  <dt>f</dt>
  <data>
    -1.52801350e-001 6.80543244e-001 -7.16597974e-001 6.38616600e+001
    -9.87426162e-001 -7.54093528e-002 1.38935268e-001 6.03468384e+002
    4.05132696e-002 7.28817046e-001 6.83508873e-001 1.37180469e+003 0.
    0. 0. 1.</data></pose_timestamp_6>
<pose_timestamp_7 type_id="opencv-matrix">
  <rows>4</rows>
  <cols>4</cols>
  <dt>f</dt>
  <data>
    9.00600076e-001 3.00330490e-001 -3.14199120e-001 -1.43544571e+002
    -4.34090018e-001 6.58129990e-001 -6.15167260e-001 1.22995430e+002
    2.20303778e-002 6.90410435e-001 7.23082364e-001 1.39184070e+003 0.
    0. 0. 1.</data></pose_timestamp_7>
<pose_timestamp_8 type_id="opencv-matrix">
  <rows>4</rows>
  <cols>4</cols>
  <dt>f</dt>
  <data>
    8.71601820e-001 -3.65202606e-001 3.27012718e-001 -4.19214106e+000
    4.89762038e-001 6.77385569e-001 -5.48891544e-001 -8.42221909e+001
    -2.10570861e-002 6.38573289e-001 7.69272864e-001 1.41552930e+003 0.
    0. 0. 1.</data></pose_timestamp_8>
<pose_timestamp_9 type_id="opencv-matrix">
  <rows>4</rows>
  <cols>4</cols>
  <dt>f</dt>
  <data>
    6.03783429e-001 -5.94259560e-001 5.31320155e-001 2.00647400e+002
    7.96231866e-001 4.81545061e-001 -3.66236508e-001 -2.69649384e+002
    -3.82150523e-002 6.44181550e-001 7.63917327e-001 1.42547412e+003 0.
    0. 0. 1.</data></pose_timestamp_9>
<pose_timestamp_10 type_id="opencv-matrix">
  <rows>4</rows>
  <cols>4</cols>
  <dt>f</dt>
  <data>
    2.32189938e-001 -7.20172584e-001 6.53788388e-001 3.12675568e+002
    9.71409321e-001 2.05909744e-001 -1.18174195e-001 -1.82074478e+002
    -4.95155752e-002 6.62534952e-001 7.47392535e-001 1.42092810e+003 0.
    0. 0. 1.</data></pose_timestamp_10>
</opencv_storage>
