<?xml version="1.0"?>
<opencv_storage>
<camera_pose_0 type_id="opencv-matrix">
  <rows>4</rows>
  <cols>4</cols>
  <dt>f</dt>
  <data>
    1. 0. 0. -2.21967506e+001 0. 1. 0. -7.43446970e+000 0. 0. 1.
    -5.67472029e+000 0. 0. 0. 1.</data></camera_pose_0>
<camera_pose_1 type_id="opencv-matrix">
  <rows>4</rows>
  <cols>4</cols>
  <dt>f</dt>
  <data>
    7.91423857e-001 -5.97595870e-001 1.28559113e-001 -1.83040604e+002
    4.60922539e-001 4.45280164e-001 -7.67643154e-001 9.97905701e+002
    4.01495516e-001 6.66786909e-001 6.27850771e-001 5.19494324e+002 0.
    0. 0. 1.</data></camera_pose_1>
<camera_pose_2 type_id="opencv-matrix">
  <rows>4</rows>
  <cols>4</cols>
  <dt>f</dt>
  <data>
    8.74499440e-001 4.84703124e-001 1.77095924e-002 -1.32837477e+001
    -3.19785148e-001 6.03638530e-001 -7.30313599e-001 1.07271924e+003
    -3.64675492e-001 6.32995605e-001 6.82882428e-001 4.50914551e+002 0.
    0. 0. 1.</data></camera_pose_2>
<camera_pose_3 type_id="opencv-matrix">
  <rows>4</rows>
  <cols>4</cols>
  <dt>f</dt>
  <data>
    6.04041107e-002 9.98032153e-001 1.68265887e-002 -4.65343513e+001
    -7.15608299e-001 5.50508574e-002 -6.96329057e-001 1.08402002e+003
    -6.95885122e-001 3.00198905e-002 7.17525423e-001 4.57964325e+002 0.
    0. 0. 1.</data></camera_pose_3>
<camera_pose_4 type_id="opencv-matrix">
  <rows>4</rows>
  <cols>4</cols>
  <dt>f</dt>
  <data>
    -8.92863214e-001 4.47795659e-001 -4.76902425e-002 1.11766182e+002
    -3.02233458e-001 -6.74374819e-001 -6.73701406e-001 1.07435327e+003
    -3.33841652e-001 -5.87109625e-001 7.37463236e-001 4.29146606e+002 0.
    0. 0. 1.</data></camera_pose_4>
<camera_pose_5 type_id="opencv-matrix">
  <rows>4</rows>
  <cols>4</cols>
  <dt>f</dt>
  <data>
    -8.42889607e-001 -5.37538648e-001 2.42752619e-002 8.71492157e+001
    3.83063376e-001 -6.31124258e-001 -6.74495816e-001 1.03797058e+003
    3.77888292e-001 -5.59226573e-001 7.37879455e-001 4.38268158e+002 0.
    0. 0. 1.</data></camera_pose_5>
<camera_pose_6 type_id="opencv-matrix">
  <rows>4</rows>
  <cols>4</cols>
  <dt>f</dt>
  <data>
    -8.15804489e-003 -9.97693300e-001 6.73910081e-002 -1.77413595e+000
    7.16771364e-001 -5.28265722e-002 -6.95304334e-001 9.97802368e+002
    6.97260499e-001 4.26316224e-002 7.15548933e-001 3.75243561e+002 0.
    0. 0. 1.</data></camera_pose_6>
<camera_pose_7 type_id="opencv-matrix">
  <rows>4</rows>
  <cols>4</cols>
  <dt>f</dt>
  <data>
    3.92625421e-001 9.19293106e-001 -2.73039322e-002 -7.33439026e+001
    -1.83952615e-001 1.07584000e-001 9.77029741e-001 -1.39151489e+003
    9.01114166e-001 -3.78584087e-001 2.11346582e-001 7.67696960e+002 0.
    0. 0. 1.</data></camera_pose_7>
<camera_pose_8 type_id="opencv-matrix">
  <rows>4</rows>
  <cols>4</cols>
  <dt>f</dt>
  <data>
    -3.29936862e-001 9.42593396e-001 -5.15685678e-002 4.12947937e+002
    -3.15138668e-001 -5.84854074e-002 9.47241843e-001 -1.52587390e+003
    8.89847875e-001 3.28781247e-001 3.16344142e-001 6.84316040e+002 0.
    0. 0. 1.</data></camera_pose_8>
<camera_pose_9 type_id="opencv-matrix">
  <rows>4</rows>
  <cols>4</cols>
  <dt>f</dt>
  <data>
    5.51646352e-001 8.33143592e-001 -3.94723639e-002 -2.32927704e+002
    -1.60273403e-001 1.52326196e-001 9.75248277e-001 -1.36143140e+003
    8.18534493e-001 -5.31665802e-001 2.17560947e-001 9.39133789e+002 0.
    0. 0. 1.</data></camera_pose_9>
<camera_pose_10 type_id="opencv-matrix">
  <rows>4</rows>
  <cols>4</cols>
  <dt>f</dt>
  <data>
    7.03469813e-002 9.96482849e-001 -4.55323718e-002 1.01516533e+002
    4.50829137e-003 4.53273878e-002 9.98961985e-001 -1.46133154e+003
    9.97512400e-001 -7.04792291e-002 -1.30379049e-003 9.11025940e+002 0.
    0. 0. 1.</data></camera_pose_10>
<pose_timestamp_0 type_id="opencv-matrix">
  <rows>4</rows>
  <cols>4</cols>
  <dt>f</dt>
  <data>
    4.52466682e-002 -9.98913288e-001 -1.11812185e-002 2.82049866e+002
    9.98488128e-001 4.48720343e-002 3.17488499e-002 -1.82340500e+002
    -3.12126223e-002 -1.26008438e-002 9.99433339e-001 1.37247595e+003 0.
    0. 0. 1.</data></pose_timestamp_0>
<pose_timestamp_1 type_id="opencv-matrix">
  <rows>4</rows>
  <cols>4</cols>
  <dt>f</dt>
  <data>
    8.25304985e-002 -7.49766409e-001 6.56535625e-001 1.50735718e+002
    9.95708168e-001 8.97196084e-002 -2.27063708e-002 -8.11441574e+001
    -4.18796465e-002 6.55591905e-001 7.53953159e-001 1.41973975e+003 0.
    0. 0. 1.</data></pose_timestamp_1>
<pose_timestamp_2 type_id="opencv-matrix">
  <rows>4</rows>
  <cols>4</cols>
  <dt>f</dt>
  <data>
    -4.15265173e-001 -6.79637492e-001 6.04688108e-001 2.97389038e+002
    9.08535838e-001 -2.76224107e-001 3.13469082e-001 -1.95225346e+000
    -4.60158996e-002 6.79553628e-001 7.32181251e-001 1.41575488e+003 0.
    0. 0. 1.</data></pose_timestamp_2>
<pose_timestamp_3 type_id="opencv-matrix">
  <rows>4</rows>
  <cols>4</cols>
  <dt>f</dt>
  <data>
    -8.76060665e-001 -3.38646680e-001 3.43272746e-001 4.33730103e+002
    4.81461316e-001 -5.74894309e-001 6.61582589e-001 1.61486145e+002
    -2.66972128e-002 7.44859040e-001 6.66687548e-001 1.39167017e+003 0.
    0. 0. 1.</data></pose_timestamp_3>
<pose_timestamp_4 type_id="opencv-matrix">
  <rows>4</rows>
  <cols>4</cols>
  <dt>f</dt>
  <data>
    -9.99781728e-001 1.37417978e-002 -1.57370381e-002 3.45507843e+002
    -2.08324362e-002 -7.12728560e-001 7.01130509e-001 3.15995361e+002
    -1.58144254e-003 7.01305330e-001 7.12859273e-001 1.40105713e+003 0.
    0. 0. 1.</data></pose_timestamp_4>
<pose_timestamp_5 type_id="opencv-matrix">
  <rows>4</rows>
  <cols>4</cols>
  <dt>f</dt>
  <data>
    -7.97086358e-001 4.08365905e-001 -4.44848984e-001 1.61311157e+002
    -6.03586674e-001 -5.16407669e-001 6.07458830e-001 5.17620972e+002
    1.83420796e-002 7.52702117e-001 6.58105731e-001 1.37411401e+003 0.
    0. 0. 1.</data></pose_timestamp_5>
<pose_timestamp_6 type_id="opencv-matrix">
  <rows>4</rows>
  <cols>4</cols>
  <dt>f</dt>
  <data>
    -1.52802199e-001 6.80543661e-001 -7.16597378e-001 6.38621826e+001
    -9.87425983e-001 -7.54095986e-002 1.38936222e-001 6.03467712e+002
    4.05138433e-002 7.28816628e-001 6.83509231e-001 1.37180530e+003 0.
    0. 0. 1.</data></pose_timestamp_6>
<pose_timestamp_7 type_id="opencv-matrix">
  <rows>4</rows>
  <cols>4</cols>
  <dt>f</dt>
  <data>
    9.00600016e-001 3.00331295e-001 -3.14198554e-001 -1.43544479e+002
    -4.34090167e-001 6.58131123e-001 -6.15165949e-001 1.22994766e+002
    2.20302679e-002 6.90408945e-001 7.23083794e-001 1.39184167e+003 0.
    0. 0. 1.</data></pose_timestamp_7>
<pose_timestamp_8 type_id="opencv-matrix">
  <rows>4</rows>
  <cols>4</cols>
  <dt>f</dt>
  <data>
    8.71601641e-001 -3.65201890e-001 3.27013969e-001 -4.19199467e+000
    4.89762306e-001 6.77384913e-001 -5.48892081e-001 -8.42227020e+001
    -2.10578907e-002 6.38574362e-001 7.69271910e-001 1.41553027e+003 0.
    0. 0. 1.</data></pose_timestamp_8>
<pose_timestamp_9 type_id="opencv-matrix">
  <rows>4</rows>
  <cols>4</cols>
  <dt>f</dt>
  <data>
    6.03783727e-001 -5.94258189e-001 5.31321406e-001 2.00647049e+002
    7.96231687e-001 4.81544197e-001 -3.66238058e-001 -2.69649597e+002
    -3.82147618e-002 6.44183517e-001 7.63915718e-001 1.42547412e+003 0.
    0. 0. 1.</data></pose_timestamp_9>
<pose_timestamp_10 type_id="opencv-matrix">
  <rows>4</rows>
  <cols>4</cols>
  <dt>f</dt>
  <data>
    2.32190654e-001 -7.20171571e-001 6.53789222e-001 3.12675232e+002
    9.71409202e-001 2.05909371e-001 -1.18175790e-001 -1.82074814e+002
    -4.95144874e-002 6.62536204e-001 7.47391522e-001 1.42092822e+003 0.
    0. 0. 1.</data></pose_timestamp_10>
</opencv_storage>
