<?xml version="1.0"?>
<opencv_storage>
<nCameras>11</nCameras>
<camera_pose_0 type_id="opencv-matrix">
  <rows>4</rows>
  <cols>4</cols>
  <dt>f</dt>
  <data>
    1. 0. 0. 0. 0. 1. 0. 0. 0. 0. 1. 0. 0. 0. 0. 1.</data></camera_pose_0>
<camera_pose_1 type_id="opencv-matrix">
  <rows>4</rows>
  <cols>4</cols>
  <dt>f</dt>
  <data>
    7.97246397e-001 -5.87654293e-001 1.38060316e-001 -1.64689346e+002
    4.65021938e-001 4.52046484e-001 -7.61188924e-001 1.01711462e+003
    3.84906262e-001 6.71056211e-001 6.33664548e-001 4.96101105e+002 0.
    0. 0. 1.</data></camera_pose_1>
<camera_pose_2 type_id="opencv-matrix">
  <rows>4</rows>
  <cols>4</cols>
  <dt>f</dt>
  <data>
    8.73977304e-001 4.85948592e-001 4.19830671e-003 1.01594543e+001
    -3.31964493e-001 6.03302062e-001 -7.25138724e-001 1.07062622e+003
    -3.54912996e-001 6.32361114e-001 6.88589990e-001 4.35231873e+002 0.
    0. 0. 1.</data></camera_pose_2>
<camera_pose_3 type_id="opencv-matrix">
  <rows>4</rows>
  <cols>4</cols>
  <dt>f</dt>
  <data>
    5.80704547e-002 9.98309553e-001 2.41126865e-003 -3.63969154e+001
    -7.26179481e-001 4.38981578e-002 -6.86102271e-001 1.06426758e+003
    -6.85048282e-001 3.80912572e-002 7.27501154e-001 4.25068634e+002 0.
    0. 0. 1.</data></camera_pose_3>
<camera_pose_4 type_id="opencv-matrix">
  <rows>4</rows>
  <cols>4</cols>
  <dt>f</dt>
  <data>
    -8.93664479e-001 4.46335495e-001 -4.63513657e-002 9.41203690e+001
    -3.14698964e-001 -6.97009683e-001 -6.44315183e-001 1.06353198e+003
    -3.19888085e-001 -5.61214864e-001 7.63354123e-001 3.82917542e+002 0.
    0. 0. 1.</data></camera_pose_4>
<camera_pose_5 type_id="opencv-matrix">
  <rows>4</rows>
  <cols>4</cols>
  <dt>f</dt>
  <data>
    -8.45297158e-001 -5.33203721e-001 3.41537036e-002 6.12604141e+001
    3.86221528e-001 -6.53952122e-001 -6.50522530e-001 1.04413208e+003
    3.69195908e-001 -5.36693931e-001 7.58718669e-001 4.15873840e+002 0.
    0. 0. 1.</data></camera_pose_5>
<camera_pose_6 type_id="opencv-matrix">
  <rows>4</rows>
  <cols>4</cols>
  <dt>f</dt>
  <data>
    -1.78401135e-002 -9.97179031e-001 7.29086697e-002 -1.58248615e+001
    7.21512675e-001 -6.33210018e-002 -6.89499736e-001 1.01119971e+003
    6.92171335e-001 4.03037742e-002 7.20606983e-001 3.83532745e+002 0.
    0. 0. 1.</data></camera_pose_6>
<camera_pose_7 type_id="opencv-matrix">
  <rows>4</rows>
  <cols>4</cols>
  <dt>f</dt>
  <data>
    3.96503747e-001 9.17011917e-001 -4.32895347e-002 -5.86382065e+001
    -1.75539121e-001 1.22016601e-001 9.76881742e-001 -1.38764697e+003
    9.01094198e-001 -3.79738271e-001 2.09351510e-001 6.40781555e+002 0.
    0. 0. 1.</data></camera_pose_7>
<camera_pose_8 type_id="opencv-matrix">
  <rows>4</rows>
  <cols>4</cols>
  <dt>f</dt>
  <data>
    -2.93005794e-001 9.54561234e-001 -5.44099957e-002 4.07873840e+002
    -3.27715665e-001 -4.68073040e-002 9.43616211e-001 -1.50863074e+003
    8.98192644e-001 2.94316024e-001 3.26539487e-001 5.43542114e+002 0.
    0. 0. 1.</data></camera_pose_8>
<camera_pose_9 type_id="opencv-matrix">
  <rows>4</rows>
  <cols>4</cols>
  <dt>f</dt>
  <data>
    5.32484353e-001 8.44082594e-001 -6.31271005e-002 -2.13293625e+002
    -1.44159734e-001 1.63926393e-001 9.75882232e-001 -1.35469678e+003
    8.34073365e-001 -5.10541618e-001 2.08970949e-001 8.02830505e+002 0.
    0. 0. 1.</data></camera_pose_9>
<camera_pose_10 type_id="opencv-matrix">
  <rows>4</rows>
  <cols>4</cols>
  <dt>f</dt>
  <data>
    8.35133940e-002 9.94621694e-001 -6.12632632e-002 1.06142708e+002
    1.79183092e-002 5.99692650e-002 9.98039365e-001 -1.44837610e+003
    9.96345520e-001 -8.44473913e-002 -1.28137022e-002 8.17014160e+002 0.
    0. 0. 1.</data></camera_pose_10>
<meanReprojectError>4.0730041265487671e-001</meanReprojectError>
<pose_timestamp_0 type_id="opencv-matrix">
  <rows>4</rows>
  <cols>4</cols>
  <dt>f</dt>
  <data>
    4.40301336e-002 -9.99023914e-001 -3.55237187e-003 2.72732422e+002
    9.97891784e-001 4.38099764e-002 4.78824377e-002 -1.68913773e+002
    -4.76800688e-002 -5.65315271e-003 9.98846650e-001 1.36122668e+003 0.
    0. 0. 1.</data></pose_timestamp_0>
<pose_timestamp_1 type_id="opencv-matrix">
  <rows>4</rows>
  <cols>4</cols>
  <dt>f</dt>
  <data>
    8.12486336e-002 -7.45385349e-001 6.61664069e-001 1.42059540e+002
    9.94988263e-001 9.94789228e-002 -1.01128444e-002 -6.71977615e+001
    -5.82836643e-002 6.59169674e-001 7.49732196e-001 1.40762988e+003 0.
    0. 0. 1.</data></pose_timestamp_1>
<pose_timestamp_2 type_id="opencv-matrix">
  <rows>4</rows>
  <cols>4</cols>
  <dt>f</dt>
  <data>
    -4.16495770e-001 -6.73502147e-001 6.10676765e-001 2.88528412e+002
    9.07342374e-001 -2.65744507e-001 3.25744808e-001 1.18480759e+001
    -5.71058244e-002 6.89764261e-001 7.21778512e-001 1.40118188e+003 0.
    0. 0. 1.</data></pose_timestamp_2>
<pose_timestamp_3 type_id="opencv-matrix">
  <rows>4</rows>
  <cols>4</cols>
  <dt>f</dt>
  <data>
    -8.76472592e-001 -3.31070155e-001 3.49554569e-001 4.24323334e+002
    4.80699480e-001 -5.61191440e-001 6.73789442e-001 1.74773972e+002
    -2.69045420e-002 7.58588672e-001 6.51014149e-001 1.37321143e+003 0.
    0. 0. 1.</data></pose_timestamp_3>
<pose_timestamp_4 type_id="opencv-matrix">
  <rows>4</rows>
  <cols>4</cols>
  <dt>f</dt>
  <data>
    -9.99758899e-001 2.01015119e-002 -8.83846451e-003 3.36132111e+002
    -2.03875136e-002 -7.00191200e-001 7.13664234e-001 3.29406647e+002
    8.15711636e-003 7.13672340e-001 7.00432181e-001 1.38070935e+003 0.
    0. 0. 1.</data></pose_timestamp_4>
<pose_timestamp_7 type_id="opencv-matrix">
  <rows>4</rows>
  <cols>4</cols>
  <dt>f</dt>
  <data>
    9.00952816e-001 3.06197971e-001 -3.07452142e-001 -1.52810944e+002
    -4.33411002e-001 6.69234753e-001 -6.03555918e-001 1.36501724e+002
    2.09500678e-002 6.77028537e-001 7.35658526e-001 1.37897095e+003 0.
    0. 0. 1.</data></pose_timestamp_7>
<pose_timestamp_8 type_id="opencv-matrix">
  <rows>4</rows>
  <cols>4</cols>
  <dt>f</dt>
  <data>
    8.71332645e-001 -3.60461742e-001 3.32936525e-001 -1.30569706e+001
    4.89389241e-001 6.87802255e-001 -5.36121488e-001 -7.01296921e+001
    -3.57431956e-002 6.30075753e-001 7.75710642e-001 1.40463501e+003 0.
    0. 0. 1.</data></pose_timestamp_8>
<pose_timestamp_9 type_id="opencv-matrix">
  <rows>4</rows>
  <cols>4</cols>
  <dt>f</dt>
  <data>
    6.01569653e-001 -5.86546719e-001 5.42288601e-001 1.91798691e+002
    7.96748817e-001 4.89424974e-001 -3.54477853e-001 -2.55622986e+002
    -5.74917719e-002 6.45310879e-001 7.61753559e-001 1.41563000e+003 0.
    0. 0. 1.</data></pose_timestamp_9>
<pose_timestamp_10 type_id="opencv-matrix">
  <rows>4</rows>
  <cols>4</cols>
  <dt>f</dt>
  <data>
    2.29547590e-001 -7.11246312e-001 6.64406955e-001 3.03546448e+002
    9.70961452e-001 2.14608029e-001 -1.05722398e-001 -1.67729614e+002
    -6.73924014e-002 6.69381857e-001 7.39855528e-001 1.40843115e+003 0.
    0. 0. 1.</data></pose_timestamp_10>
<pose_timestamp_5 type_id="opencv-matrix">
  <rows>4</rows>
  <cols>4</cols>
  <dt>f</dt>
  <data>
    -7.96278298e-001 4.14638072e-001 -4.40472662e-001 1.51551620e+002
    -6.03945017e-001 -5.03359556e-001 6.17964029e-001 5.30816223e+002
    3.45153026e-002 7.58092642e-001 6.51232898e-001 1.35246912e+003 0.
    0. 0. 1.</data></pose_timestamp_5>
<pose_timestamp_6 type_id="opencv-matrix">
  <rows>4</rows>
  <cols>4</cols>
  <dt>f</dt>
  <data>
    -1.49539128e-001 6.87308073e-001 -7.10806310e-001 5.33512383e+001
    -9.87183869e-001 -6.32624701e-002 1.46512225e-001 6.16804443e+002
    5.57316728e-002 7.23605871e-001 6.87959671e-001 1.35040808e+003 0.
    0. 0. 1.</data></pose_timestamp_6>
</opencv_storage>
