<?xml version="1.0"?>
<opencv_storage>
<camera_pose_0 type_id="opencv-matrix">
  <rows>4</rows>
  <cols>4</cols>
  <dt>f</dt>
  <data>
    1. 0. 0. -2.21973019e+001 0. 1. 0. -7.43408728e+000 0. 0. 1.
    -5.67178249e+000 0. 0. 0. 1.</data></camera_pose_0>
<camera_pose_1 type_id="opencv-matrix">
  <rows>4</rows>
  <cols>4</cols>
  <dt>f</dt>
  <data>
    7.91424155e-001 -5.97595394e-001 1.28559694e-001 -1.83041214e+002
    4.60922331e-001 4.45279598e-001 -7.67643571e-001 9.97905762e+002
    4.01495248e-001 6.66787744e-001 6.27850056e-001 5.19494080e+002 0.
    0. 0. 1.</data></camera_pose_1>
<camera_pose_2 type_id="opencv-matrix">
  <rows>4</rows>
  <cols>4</cols>
  <dt>f</dt>
  <data>
    8.74499321e-001 4.84703332e-001 1.77100860e-002 -1.32844152e+001
    -3.19784939e-001 6.03638530e-001 -7.30313718e-001 1.07272021e+003
    -3.64675999e-001 6.32995427e-001 6.82882309e-001 4.50911591e+002 0.
    0. 0. 1.</data></camera_pose_2>
<camera_pose_3 type_id="opencv-matrix">
  <rows>4</rows>
  <cols>4</cols>
  <dt>f</dt>
  <data>
    6.04040697e-002 9.98032153e-001 1.68268457e-002 -4.65341606e+001
    -7.15608478e-001 5.50510138e-002 -6.96328878e-001 1.08402161e+003
    -6.95884943e-001 3.00196633e-002 7.17525601e-001 4.57964325e+002 0.
    0. 0. 1.</data></camera_pose_3>
<camera_pose_4 type_id="opencv-matrix">
  <rows>4</rows>
  <cols>4</cols>
  <dt>f</dt>
  <data>
    -8.92863214e-001 4.47795600e-001 -4.76904064e-002 1.11767067e+002
    -3.02232653e-001 -6.74373686e-001 -6.73702896e-001 1.07435303e+003
    -3.33842337e-001 -5.87110937e-001 7.37461925e-001 4.29152924e+002 0.
    0. 0. 1.</data></camera_pose_4>
<camera_pose_5 type_id="opencv-matrix">
  <rows>4</rows>
  <cols>4</cols>
  <dt>f</dt>
  <data>
    -8.42889369e-001 -5.37539005e-001 2.42752507e-002 8.71499252e+001
    3.83063525e-001 -6.31123960e-001 -6.74495995e-001 1.03797095e+003
    3.77888620e-001 -5.59226573e-001 7.37879276e-001 4.38270538e+002 0.
    0. 0. 1.</data></camera_pose_5>
<camera_pose_6 type_id="opencv-matrix">
  <rows>4</rows>
  <cols>4</cols>
  <dt>f</dt>
  <data>
    -8.15807935e-003 -9.97693300e-001 6.73908219e-002 -1.77497160e+000
    7.16771543e-001 -5.28264567e-002 -6.95304215e-001 9.97803345e+002
    6.97260380e-001 4.26314734e-002 7.15549111e-001 3.75252380e+002 0.
    0. 0. 1.</data></camera_pose_6>
<camera_pose_7 type_id="opencv-matrix">
  <rows>4</rows>
  <cols>4</cols>
  <dt>f</dt>
  <data>
    3.92625004e-001 9.19293284e-001 -2.73038689e-002 -7.33441238e+001
    -1.83952332e-001 1.07583709e-001 9.77029800e-001 -1.39151575e+003
    9.01114404e-001 -3.78583729e-001 2.11346194e-001 7.67697083e+002 0.
    0. 0. 1.</data></camera_pose_7>
<camera_pose_8 type_id="opencv-matrix">
  <rows>4</rows>
  <cols>4</cols>
  <dt>f</dt>
  <data>
    -3.29937220e-001 9.42593277e-001 -5.15684821e-002 4.12948181e+002
    -3.15139055e-001 -5.84857613e-002 9.47241664e-001 -1.52587512e+003
    8.89847636e-001 3.28781515e-001 3.16344589e-001 6.84315979e+002 0.
    0. 0. 1.</data></camera_pose_8>
<camera_pose_9 type_id="opencv-matrix">
  <rows>4</rows>
  <cols>4</cols>
  <dt>f</dt>
  <data>
    5.51646590e-001 8.33143413e-001 -3.94720472e-002 -2.32927490e+002
    -1.60273954e-001 1.52326256e-001 9.75248158e-001 -1.36143323e+003
    8.18534195e-001 -5.31665981e-001 2.17561454e-001 9.39130981e+002 0.
    0. 0. 1.</data></camera_pose_9>
<camera_pose_10 type_id="opencv-matrix">
  <rows>4</rows>
  <cols>4</cols>
  <dt>f</dt>
  <data>
    7.03470707e-002 9.96482849e-001 -4.55321893e-002 1.01516716e+002
    4.50868020e-003 4.53271754e-002 9.98962045e-001 -1.46133215e+003
    9.97512400e-001 -7.04793409e-002 -1.30418851e-003 9.11026489e+002 0.
    0. 0. 1.</data></camera_pose_10>
<pose_timestamp_0 type_id="opencv-matrix">
  <rows>4</rows>
  <cols>4</cols>
  <dt>f</dt>
  <data>
    4.52466719e-002 -9.98913288e-001 -1.11814514e-002 2.82050140e+002
    9.98488128e-001 4.48720343e-002 3.17486823e-002 -1.82340897e+002
    -3.12124453e-002 -1.26010682e-002 9.99433339e-001 1.37247693e+003 0.
    0. 0. 1.</data></pose_timestamp_0>
<pose_timestamp_1 type_id="opencv-matrix">
  <rows>4</rows>
  <cols>4</cols>
  <dt>f</dt>
  <data>
    8.25305134e-002 -7.49766588e-001 6.56535447e-001 1.50735977e+002
    9.95708227e-001 8.97194892e-002 -2.27065142e-002 -8.11445389e+001
    -4.18794379e-002 6.55591667e-001 7.53953338e-001 1.41974084e+003 0.
    0. 0. 1.</data></pose_timestamp_1>
<pose_timestamp_2 type_id="opencv-matrix">
  <rows>4</rows>
  <cols>4</cols>
  <dt>f</dt>
  <data>
    -4.15265143e-001 -6.79637671e-001 6.04687929e-001 2.97389282e+002
    9.08535838e-001 -2.76224256e-001 3.13468903e-001 -1.95262504e+000
    -4.60157990e-002 6.79553390e-001 7.32181489e-001 1.41575598e+003 0.
    0. 0. 1.</data></pose_timestamp_2>
<pose_timestamp_3 type_id="opencv-matrix">
  <rows>4</rows>
  <cols>4</cols>
  <dt>f</dt>
  <data>
    -8.76060605e-001 -3.38647008e-001 3.43272537e-001 4.33730377e+002
    4.81461406e-001 -5.74894428e-001 6.61582410e-001 1.61485779e+002
    -2.66974419e-002 7.44858801e-001 6.66687846e-001 1.39167139e+003 0.
    0. 0. 1.</data></pose_timestamp_3>
<pose_timestamp_4 type_id="opencv-matrix">
  <rows>4</rows>
  <cols>4</cols>
  <dt>f</dt>
  <data>
    -9.99781728e-001 1.37416022e-002 -1.57371685e-002 3.45508087e+002
    -2.08323896e-002 -7.12728739e-001 7.01130390e-001 3.15994965e+002
    -1.58167793e-003 7.01305151e-001 7.12859392e-001 1.40105835e+003 0.
    0. 0. 1.</data></pose_timestamp_4>
<pose_timestamp_5 type_id="opencv-matrix">
  <rows>4</rows>
  <cols>4</cols>
  <dt>f</dt>
  <data>
    -7.97086358e-001 4.08365697e-001 -4.44849133e-001 1.61311386e+002
    -6.03586674e-001 -5.16407907e-001 6.07458651e-001 5.17620605e+002
    1.83416791e-002 7.52701998e-001 6.58105791e-001 1.37411511e+003 0.
    0. 0. 1.</data></pose_timestamp_5>
<pose_timestamp_6 type_id="opencv-matrix">
  <rows>4</rows>
  <cols>4</cols>
  <dt>f</dt>
  <data>
    -1.52802229e-001 6.80543602e-001 -7.16597438e-001 6.38624382e+001
    -9.87425983e-001 -7.54097775e-002 1.38936102e-001 6.03467346e+002
    4.05136272e-002 7.28816688e-001 6.83509231e-001 1.37180640e+003 0.
    0. 0. 1.</data></pose_timestamp_6>
<pose_timestamp_7 type_id="opencv-matrix">
  <rows>4</rows>
  <cols>4</cols>
  <dt>f</dt>
  <data>
    9.00600016e-001 3.00331086e-001 -3.14198732e-001 -1.43544235e+002
    -4.34090167e-001 6.58131003e-001 -6.15166068e-001 1.22994377e+002
    2.20304299e-002 6.90409124e-001 7.23083556e-001 1.39184265e+003 0.
    0. 0. 1.</data></pose_timestamp_7>
<pose_timestamp_8 type_id="opencv-matrix">
  <rows>4</rows>
  <cols>4</cols>
  <dt>f</dt>
  <data>
    8.71601582e-001 -3.65202069e-001 3.27013910e-001 -4.19172764e+000
    4.89762396e-001 6.77384913e-001 -5.48892081e-001 -8.42231216e+001
    -2.10577510e-002 6.38574302e-001 7.69272029e-001 1.41553125e+003 0.
    0. 0. 1.</data></pose_timestamp_8>
<pose_timestamp_9 type_id="opencv-matrix">
  <rows>4</rows>
  <cols>4</cols>
  <dt>f</dt>
  <data>
    6.03783786e-001 -5.94258368e-001 5.31321168e-001 2.00647278e+002
    7.96231627e-001 4.81544167e-001 -3.66238147e-001 -2.69649963e+002
    -3.82145122e-002 6.44183338e-001 7.63915896e-001 1.42547522e+003 0.
    0. 0. 1.</data></pose_timestamp_9>
<pose_timestamp_10 type_id="opencv-matrix">
  <rows>4</rows>
  <cols>4</cols>
  <dt>f</dt>
  <data>
    2.32190713e-001 -7.20171869e-001 6.53788924e-001 3.12675476e+002
    9.71409202e-001 2.05909282e-001 -1.18175946e-001 -1.82075195e+002
    -4.95142117e-002 6.62535906e-001 7.47391760e-001 1.42092920e+003 0.
    0. 0. 1.</data></pose_timestamp_10>
</opencv_storage>
