%YAML:1.0
---
M1: !!opencv-matrix
   rows: 3
   cols: 3
   dt: d
   data: [ 1170.344482, 0., 606.376831, 0.,
       1174.045044, 520.540649, 0., 0., 1. ]
D1: !!opencv-matrix
   rows: 5
   cols: 1
   dt: d
   data: [ 0.488867, 0.061492,
       -0.001256, -0.017196,
       -0.504541 ]
M2: !!opencv-matrix
   rows: 3
   cols: 3
   dt: d
   data: [ 1167.592651, 0., 660.214233, 0.,
       1172.913208, 509.477936, 0., 0., 1. ]
D2: !!opencv-matrix
   rows: 5
   cols: 1
   dt: d
   data: [ 0.593973, 0.554809,
       0.000972, 0.006396,
       -0.540636 ]