%YAML:1.0
---
R: !!opencv-matrix
   rows: 3
   cols: 3
   dt: d
   data: [ 9.9218478176835523e-01, -3.4436889782431285e-02,
       -1.1993106123683642e-01, 3.6901455392279209e-02,
       9.9914969564977796e-01, 1.8389352160628314e-02,
       1.1919581124021411e-01, -2.2671266066734280e-02,
       9.9261189408434880e-01 ]
T: !!opencv-matrix
   rows: 3
   cols: 1
   dt: d
   data: [ 5.6867420743295767e-02, -9.8357644240832057e-02,
       1.0534208458338710e+00 ]
