%YAML:1.0
---
R: !!opencv-matrix
   rows: 3
   cols: 3
   dt: d
   data: [ 0.998988, -0.000726,
       -0.044964, 0.000697,
       1.000000, -0.000664,
       0.044965, 0.000632,
       0.998988 ]
T: !!opencv-matrix
   rows: 3
   cols: 1
   dt: d
   data: [ -55.046494, -0.151689,
       0.192080 ]
