<?xml version="1.0"?>
<opencv_storage>
<camera_pose_0 type_id="opencv-matrix">
  <rows>4</rows>
  <cols>4</cols>
  <dt>f</dt>
  <data>
    9.88887370e-001 1.13364048e-002 2.33527627e-002 3.33268571e+000
    -1.94572695e-002 9.45998132e-001 -4.84634712e-002 -1.60918293e+001
    1.11911697e-002 3.22643816e-002 9.83436406e-001 -6.36894646e+001 0.
    0. 0. 1.</data></camera_pose_0>
<camera_pose_1 type_id="opencv-matrix">
  <rows>4</rows>
  <cols>4</cols>
  <dt>f</dt>
  <data>
    8.71402621e-001 -5.29153407e-001 1.49015695e-001 -1.25093567e+002
    4.48786914e-001 4.42890972e-001 -7.45417058e-001 1.04360132e+003
    3.90722215e-001 6.77311778e-001 6.30709410e-001 4.76639435e+002 0.
    0. 0. 1.</data></camera_pose_1>
<camera_pose_2 type_id="opencv-matrix">
  <rows>4</rows>
  <cols>4</cols>
  <dt>f</dt>
  <data>
    7.55240917e-001 4.28022146e-001 1.35819558e-002 1.38527651e+001
    -3.71262997e-001 5.72605133e-001 -7.17277646e-001 1.09073022e+003
    -3.52259874e-001 5.81482828e-001 6.53915644e-001 3.61161896e+002 0.
    0. 0. 1.</data></camera_pose_2>
<camera_pose_3 type_id="opencv-matrix">
  <rows>4</rows>
  <cols>4</cols>
  <dt>f</dt>
  <data>
    5.93057089e-002 9.44160461e-001 8.37278925e-003 -6.53970413e+001
    -6.56698823e-001 2.23275032e-002 -7.32117295e-001 1.00318555e+003
    -6.95068419e-001 3.78112644e-002 7.18539596e-001 3.94561981e+002 0.
    0. 0. 1.</data></camera_pose_3>
<camera_pose_4 type_id="opencv-matrix">
  <rows>4</rows>
  <cols>4</cols>
  <dt>f</dt>
  <data>
    -9.88790393e-001 4.60660785e-001 -2.56761946e-002 8.51934891e+001
    -3.19326878e-001 -6.64309978e-001 -6.39743209e-001 1.06963562e+003
    -3.26212525e-001 -5.50115585e-001 7.59965837e-001 3.73920715e+002 0.
    0. 0. 1.</data></camera_pose_4>
<camera_pose_5 type_id="opencv-matrix">
  <rows>4</rows>
  <cols>4</cols>
  <dt>f</dt>
  <data>
    -7.89792240e-001 -4.94855314e-001 4.57699001e-002 6.53512573e+001
    3.52067530e-001 -5.83345592e-001 -6.74127698e-001 1.01530078e+003
    3.90003353e-001 -4.93578583e-001 7.07505286e-001 3.82961182e+002 0.
    0. 0. 1.</data></camera_pose_5>
<camera_pose_6 type_id="opencv-matrix">
  <rows>4</rows>
  <cols>4</cols>
  <dt>f</dt>
  <data>
    2.82729454e-002 -1.45272386e+000 9.58928242e-002 1.56375513e+001
    6.93031311e-001 -5.78021444e-002 -6.82704210e-001 1.00680969e+003
    8.14112425e-001 7.94955492e-002 7.79771745e-001 3.98951172e+002 0.
    0. 0. 1.</data></camera_pose_6>
<camera_pose_7 type_id="opencv-matrix">
  <rows>4</rows>
  <cols>4</cols>
  <dt>f</dt>
  <data>
    4.49925065e-001 9.65515494e-001 -2.50386074e-002 -5.30815468e+001
    -1.94882363e-001 1.41127482e-001 9.57451701e-001 -1.41637817e+003
    8.35010231e-001 -3.19439501e-001 1.60207227e-001 7.00818787e+002 0.
    0. 0. 1.</data></camera_pose_7>
<camera_pose_8 type_id="opencv-matrix">
  <rows>4</rows>
  <cols>4</cols>
  <dt>f</dt>
  <data>
    -5.69575489e-001 1.13026583e+000 -7.99516290e-002 4.21867249e+002
    -2.78278947e-001 -3.56824100e-002 9.36175287e-001 -1.50519080e+003
    9.29707706e-001 3.36476594e-001 2.99810827e-001 6.86036865e+002 0.
    0. 0. 1.</data></camera_pose_8>
<camera_pose_9 type_id="opencv-matrix">
  <rows>4</rows>
  <cols>4</cols>
  <dt>f</dt>
  <data>
    5.56869626e-001 9.02512372e-001 -5.65621555e-002 -2.87923706e+002
    -9.68806967e-002 1.49140418e-001 9.82444823e-001 -1.33021045e+003
    7.65841424e-001 -4.42076445e-001 1.58049092e-001 8.61833435e+002 0.
    0. 0. 1.</data></camera_pose_9>
<camera_pose_10 type_id="opencv-matrix">
  <rows>4</rows>
  <cols>4</cols>
  <dt>f</dt>
  <data>
    6.94185644e-002 1.11826456e+000 -4.12128903e-002 1.10903664e+002
    3.22342105e-003 6.98300079e-002 9.82572615e-001 -1.46944946e+003
    9.66378987e-001 -5.62114939e-002 -2.88477149e-002 8.66932434e+002 0.
    0. 0. 1.</data></camera_pose_10>
<pose_timestamp_0 type_id="opencv-matrix">
  <rows>4</rows>
  <cols>4</cols>
  <dt>f</dt>
  <data>
    3.10337022e-002 -9.45191681e-001 -3.55237187e-003 2.81900360e+002
    9.98753667e-001 2.62906197e-002 4.78824377e-002 -1.80069473e+002
    -6.37369528e-002 8.73226114e-003 9.98846650e-001 1.36526953e+003
    -5.09423262e-006 -8.76737886e-006 0. 9.94306207e-001</data></pose_timestamp_0>
<pose_timestamp_1 type_id="opencv-matrix">
  <rows>4</rows>
  <cols>4</cols>
  <dt>f</dt>
  <data>
    6.63372353e-002 -6.91869497e-001 6.61664069e-001 1.58199265e+002
    9.96912420e-001 6.74768314e-002 -1.01128444e-002 -8.17119293e+001
    -7.82861337e-002 6.34977818e-001 7.49732196e-001 1.41303320e+003
    -6.84397992e-006 -3.90446530e-006 0. 9.95172203e-001</data></pose_timestamp_1>
<pose_timestamp_2 type_id="opencv-matrix">
  <rows>4</rows>
  <cols>4</cols>
  <dt>f</dt>
  <data>
    -4.04173374e-001 -6.22509003e-001 6.10676765e-001 2.96486572e+002
    9.02503908e-001 -2.97703981e-001 3.25744808e-001 1.77194983e-001
    -6.30058199e-002 6.67140722e-001 7.21778512e-001 1.40473486e+003
    -7.11210259e-006 -3.00428383e-006 0. 9.97034550e-001</data></pose_timestamp_2>
<pose_timestamp_3 type_id="opencv-matrix">
  <rows>4</rows>
  <cols>4</cols>
  <dt>f</dt>
  <data>
    -8.38867903e-001 -2.94867188e-001 3.49554569e-001 4.24667938e+002
    4.67673212e-001 -5.91975510e-001 6.73789442e-001 1.66985428e+002
    -2.11960562e-002 7.40835965e-001 6.51014149e-001 1.37711206e+003
    -9.67137839e-006 6.53986262e-006 0. 1.00003481e+000</data></pose_timestamp_3>
<pose_timestamp_4 type_id="opencv-matrix">
  <rows>4</rows>
  <cols>4</cols>
  <dt>f</dt>
  <data>
    -9.51989055e-001 4.07021455e-002 -8.83846451e-003 3.39859192e+002
    -4.02463600e-002 -7.24029839e-001 7.13664234e-001 3.20896454e+002
    1.63619351e-002 6.97007835e-001 7.00432181e-001 1.38529211e+003
    -1.18977396e-005 1.02654085e-005 0. 1.00018477e+000</data></pose_timestamp_4>
<pose_timestamp_5 type_id="opencv-matrix">
  <rows>4</rows>
  <cols>4</cols>
  <dt>f</dt>
  <data>
    -7.53919482e-001 4.16958302e-001 -4.40472662e-001 1.62002075e+002
    -6.23782694e-001 -5.19956410e-001 6.17964029e-001 5.21638062e+002
    5.32450303e-002 7.41338253e-001 6.51232898e-001 1.35869287e+003
    -4.84475868e-006 1.91696799e-005 0. 9.98716772e-001</data></pose_timestamp_5>
<pose_timestamp_6 type_id="opencv-matrix">
  <rows>4</rows>
  <cols>4</cols>
  <dt>f</dt>
  <data>
    -1.33843198e-001 6.71818078e-001 -7.10806310e-001 6.80112534e+001
    -1.00077808e+000 -7.15775117e-002 1.46512225e-001 6.07576233e+002
    7.50680864e-002 6.94486678e-001 6.87959671e-001 1.35805481e+003
    4.53540861e-006 1.56481092e-005 0. 9.99020696e-001</data></pose_timestamp_6>
<pose_timestamp_7 type_id="opencv-matrix">
  <rows>4</rows>
  <cols>4</cols>
  <dt>f</dt>
  <data>
    8.65385115e-001 2.99896449e-001 -3.07452142e-001 -1.24502281e+002
    -4.21145886e-001 6.62014663e-001 -6.03555918e-001 1.18030952e+002
    1.67255979e-002 6.41707599e-001 7.35658526e-001 1.39604968e+003
    1.07049391e-005 9.03513956e-006 0. 9.98681664e-001</data></pose_timestamp_7>
<pose_timestamp_8 type_id="opencv-matrix">
  <rows>4</rows>
  <cols>4</cols>
  <dt>f</dt>
  <data>
    8.21754396e-001 -3.35410446e-001 3.32936525e-001 1.13771191e+001
    5.07950306e-001 6.65306807e-001 -5.36121488e-001 -8.81874161e+001
    -5.28959446e-002 5.99734426e-001 7.75710642e-001 1.41391235e+003
    6.82554901e-006 1.07717699e-006 0. 9.94908214e-001</data></pose_timestamp_8>
<pose_timestamp_9 type_id="opencv-matrix">
  <rows>4</rows>
  <cols>4</cols>
  <dt>f</dt>
  <data>
    5.61031520e-001 -5.48652172e-001 5.42288601e-001 2.07332794e+002
    8.07085991e-001 4.62488770e-001 -3.54477853e-001 -2.69307526e+002
    -7.45165274e-002 6.11783028e-001 7.61753559e-001 1.41955774e+003
    2.08764413e-006 -1.27151111e-006 0. 9.93777096e-001</data></pose_timestamp_9>
