<?xml version="1.0"?>
<opencv_storage>
<K_0 type_id="opencv-matrix">
  <rows>3</rows>
  <cols>3</cols>
  <dt>f</dt>
  <data>
    1.19935889e+003 6.05813026e-001 6.31925476e+002 3.98416233e+000
    1.19379541e+003 5.10960541e+002 8.59666523e-003 -6.72525784e-004
    9.78250444e-001</data></K_0>
<K_1 type_id="opencv-matrix">
  <rows>3</rows>
  <cols>3</cols>
  <dt>f</dt>
  <data>
    1.15673279e+003 1.16748825e+002 6.35268738e+002 4.81042671e+000
    1.13745056e+003 5.06331604e+002 -1.61876213e-002 1.18435375e-001
    1.00041771e+000</data></K_1>
<K_2 type_id="opencv-matrix">
  <rows>3</rows>
  <cols>3</cols>
  <dt>f</dt>
  <data>
    1.18720630e+003 8.77368240e+001 6.27828979e+002 -4.95450705e-001
    1.15155115e+003 5.02871063e+002 4.82238574e-005 1.24933504e-001
    9.98424947e-001</data></K_2>
<K_3 type_id="opencv-matrix">
  <rows>3</rows>
  <cols>3</cols>
  <dt>f</dt>
  <data>
    1.18148157e+003 6.58147964e+001 6.25359009e+002 6.58821106e+000
    1.14960400e+003 5.23144287e+002 9.95103735e-003 1.24798127e-001
    9.96565044e-001</data></K_3>
<K_4 type_id="opencv-matrix">
  <rows>3</rows>
  <cols>3</cols>
  <dt>f</dt>
  <data>
    1.18503113e+003 6.37905617e+001 6.39181885e+002 2.68781528e+001
    1.16665869e+003 5.13419373e+002 1.72552746e-002 1.28036737e-001
    9.91995633e-001</data></K_4>
<K_5 type_id="opencv-matrix">
  <rows>3</rows>
  <cols>3</cols>
  <dt>f</dt>
  <data>
    1.18454883e+003 9.74036407e+001 6.52020569e+002 4.28374577e+000
    1.20242969e+003 5.20946167e+002 -1.74599979e-002 1.47617996e-001
    9.95264828e-001</data></K_5>
<K_6 type_id="opencv-matrix">
  <rows>3</rows>
  <cols>3</cols>
  <dt>f</dt>
  <data>
    1.16959729e+003 1.10488625e+002 6.23132324e+002 -1.28201647e+001
    1.17868933e+003 4.96665314e+002 -2.16890220e-002 1.37847930e-001
    9.98139977e-001</data></K_6>
<K_7 type_id="opencv-matrix">
  <rows>3</rows>
  <cols>3</cols>
  <dt>f</dt>
  <data>
    5.10328064e+002 2.56770115e+001 3.21132385e+002 1.95643258e+000
    4.56867798e+002 2.20769180e+002 -8.52494221e-003 1.33462161e-001
    9.99357402e-001</data></K_7>
<K_8 type_id="opencv-matrix">
  <rows>3</rows>
  <cols>3</cols>
  <dt>f</dt>
  <data>
    5.09230591e+002 -6.55894012e+001 3.20984283e+002 -4.95146513e+000
    5.17715698e+002 2.29037689e+002 6.99039176e-003 -1.76208258e-001
    9.98897195e-001</data></K_8>
<K_9 type_id="opencv-matrix">
  <rows>3</rows>
  <cols>3</cols>
  <dt>f</dt>
  <data>
    5.08035553e+002 1.67908401e+001 3.10813477e+002 -4.66725302e+000
    4.60343353e+002 2.31647964e+002 5.54069225e-003 1.45685107e-001
    9.99158621e-001</data></K_9>
<K_10 type_id="opencv-matrix">
  <rows>3</rows>
  <cols>3</cols>
  <dt>f</dt>
  <data>
    5.08957489e+002 3.55327415e+001 3.22082520e+002 2.14726086e+001
    4.69309357e+002 2.61002441e+002 -1.86490193e-002 1.40397698e-001
    9.96442258e-001</data></K_10>
<DISTORTION_0 type_id="opencv-matrix">
  <rows>1</rows>
  <cols>5</cols>
  <dt>f</dt>
  <data>
    -9.48093235e-002 5.09612620e-001 0. 0. 0.</data></DISTORTION_0>
<DISTORTION_1 type_id="opencv-matrix">
  <rows>1</rows>
  <cols>5</cols>
  <dt>f</dt>
  <data>
    -1.32260606e-001 7.45720446e-001 0. 0. 0.</data></DISTORTION_1>
<DISTORTION_2 type_id="opencv-matrix">
  <rows>1</rows>
  <cols>5</cols>
  <dt>f</dt>
  <data>
    -8.34754109e-002 4.75367844e-001 0. 0. 0.</data></DISTORTION_2>
<DISTORTION_3 type_id="opencv-matrix">
  <rows>1</rows>
  <cols>5</cols>
  <dt>f</dt>
  <data>
    -7.13961199e-002 2.31661722e-001 0. 0. 0.</data></DISTORTION_3>
<DISTORTION_4 type_id="opencv-matrix">
  <rows>1</rows>
  <cols>5</cols>
  <dt>f</dt>
  <data>
    -1.25772282e-001 9.20610607e-001 0. 0. 0.</data></DISTORTION_4>
<DISTORTION_5 type_id="opencv-matrix">
  <rows>1</rows>
  <cols>5</cols>
  <dt>f</dt>
  <data>
    -2.75883406e-001 3.88046432e+000 0. 0. 0.</data></DISTORTION_5>
<DISTORTION_6 type_id="opencv-matrix">
  <rows>1</rows>
  <cols>5</cols>
  <dt>f</dt>
  <data>
    7.67754093e-002 -6.15976095e-001 0. 0. 0.</data></DISTORTION_6>
<DISTORTION_7 type_id="opencv-matrix">
  <rows>1</rows>
  <cols>5</cols>
  <dt>f</dt>
  <data>
    -8.97275135e-002 5.56852639e-001 0. 0. 0.</data></DISTORTION_7>
<DISTORTION_8 type_id="opencv-matrix">
  <rows>1</rows>
  <cols>5</cols>
  <dt>f</dt>
  <data>
    -3.83349285e-002 7.49463290e-002 0. 0. 0.</data></DISTORTION_8>
<DISTORTION_9 type_id="opencv-matrix">
  <rows>1</rows>
  <cols>5</cols>
  <dt>f</dt>
  <data>
    -6.79968819e-002 2.67800778e-001 0. 0. 0.</data></DISTORTION_9>
<DISTORTION_10 type_id="opencv-matrix">
  <rows>1</rows>
  <cols>5</cols>
  <dt>f</dt>
  <data>
    -1.75963212e-002 3.72572951e-002 0. 0. 0.</data></DISTORTION_10>
</opencv_storage>
