<?xml version="1.0"?>
<opencv_storage>
<camera_pose_0 type_id="opencv-matrix">
  <rows>4</rows>
  <cols>4</cols>
  <dt>f</dt>
  <data>
    9.95047033e-001 4.95267566e-003 -1.32599482e-002 1.98824272e+001
    5.92842931e-003 9.96653378e-001 1.15881856e-004 -1.33210068e+001
    -2.31385604e-002 2.56384835e-002 8.93068433e-001 1.84223312e+002
    -1.60614618e-005 2.62996691e-005 -3.21380430e-005 1.04645276e+000</data></camera_pose_0>
<camera_pose_1 type_id="opencv-matrix">
  <rows>4</rows>
  <cols>4</cols>
  <dt>f</dt>
  <data>
    7.79002845e-001 -6.06351733e-001 1.38807714e-001 -1.61824692e+002
    4.96564150e-001 5.13827503e-001 -7.62241542e-001 1.01356439e+003
    3.35183352e-001 6.23408794e-001 6.34706438e-001 5.03862213e+002
    -3.43139709e-006 2.37507120e-005 -2.52827031e-005 1.03562450e+000</data></camera_pose_1>
<camera_pose_2 type_id="opencv-matrix">
  <rows>4</rows>
  <cols>4</cols>
  <dt>f</dt>
  <data>
    8.75474513e-001 4.84982252e-001 3.79840843e-003 1.05131264e+001
    -3.67448986e-001 6.64232314e-001 -7.24256694e-001 1.06971973e+003
    -3.28105092e-001 5.82298219e-001 6.85909986e-001 4.35889282e+002
    -2.47180051e-005 3.36945122e-005 -3.68622532e-005 1.05323899e+000</data></camera_pose_2>
<camera_pose_3 type_id="opencv-matrix">
  <rows>4</rows>
  <cols>4</cols>
  <dt>f</dt>
  <data>
    5.85419796e-002 9.98967350e-001 1.69895857e-003 -3.68293571e+001
    -7.97442496e-001 5.25292084e-002 -6.84928238e-001 1.06427271e+003
    -6.09326839e-001 4.58297953e-002 7.24217713e-001 4.24116791e+002
    -2.52736263e-005 2.50072117e-005 -2.86162231e-005 1.04238367e+000</data></camera_pose_3>
<camera_pose_4 type_id="opencv-matrix">
  <rows>4</rows>
  <cols>4</cols>
  <dt>f</dt>
  <data>
    -8.99532616e-001 4.33966488e-001 -4.76482734e-002 9.27365417e+001
    -3.43023717e-001 -7.44384825e-001 -6.42767608e-001 1.06446887e+003
    -2.93876112e-001 -4.63673204e-001 7.60065854e-001 3.81565430e+002
    -2.99327803e-005 1.40395832e-005 -2.10933213e-005 1.03260243e+000</data></camera_pose_4>
<camera_pose_5 type_id="opencv-matrix">
  <rows>4</rows>
  <cols>4</cols>
  <dt>f</dt>
  <data>
    -8.46581757e-001 -5.32683492e-001 3.24158296e-002 6.07420044e+001
    3.96776974e-001 -6.71219766e-001 -6.49441421e-001 1.04541541e+003
    2.69910544e-001 -4.23631370e-001 7.52954304e-001 4.16156586e+002
    -2.56332060e-005 1.86881152e-005 -2.83067111e-005 1.04194427e+000</data></camera_pose_5>
<camera_pose_6 type_id="opencv-matrix">
  <rows>4</rows>
  <cols>4</cols>
  <dt>f</dt>
  <data>
    -4.20409963e-002 -9.93093610e-001 7.17580393e-002 -1.47593546e+001
    7.50872612e-001 -5.36446907e-002 -6.88610494e-001 1.01171936e+003
    5.57045460e-001 6.50878027e-002 7.17088580e-001 3.89763397e+002
    -3.08525596e-005 2.94115325e-005 -2.81356079e-005 1.04135859e+000</data></camera_pose_6>
<camera_pose_7 type_id="opencv-matrix">
  <rows>4</rows>
  <cols>4</cols>
  <dt>f</dt>
  <data>
    3.81383181e-001 9.39687252e-001 -4.25253808e-002 -5.75349159e+001
    -2.32622266e-001 1.75597116e-001 9.77998078e-001 -1.38482910e+003
    9.61828828e-001 -4.42587137e-001 2.07600743e-001 6.36321716e+002
    3.79955163e-005 -6.19111670e-005 1.75208945e-004 7.42335260e-001</data></camera_pose_7>
<camera_pose_8 type_id="opencv-matrix">
  <rows>4</rows>
  <cols>4</cols>
  <dt>f</dt>
  <data>
    -3.13463032e-001 9.46343184e-001 -5.47075942e-002 4.09896027e+002
    -2.30877087e-001 -6.21934514e-003 9.40728962e-001 -1.51469482e+003
    7.92501688e-001 2.83219934e-001 3.18398088e-001 5.48795227e+002
    -9.86569503e-005 -3.01074269e-005 -2.33147424e-004 1.37490237e+000</data></camera_pose_8>
<camera_pose_9 type_id="opencv-matrix">
  <rows>4</rows>
  <cols>4</cols>
  <dt>f</dt>
  <data>
    5.12412667e-001 8.96687269e-001 -6.22954927e-002 -2.11983582e+002
    -1.88515216e-001 2.44549021e-001 9.76826012e-001 -1.35175793e+003
    8.90778601e-001 -6.17139280e-001 2.07487568e-001 7.97416809e+002
    3.93609116e-005 -6.63185929e-005 1.61249875e-004 7.64383316e-001</data></camera_pose_9>
<camera_pose_10 type_id="opencv-matrix">
  <rows>4</rows>
  <cols>4</cols>
  <dt>f</dt>
  <data>
    5.54497465e-002 9.96793270e-001 -5.96098378e-002 1.08507988e+002
    -6.11864813e-002 7.33121634e-002 1.00119126e+000 -1.44385742e+003
    1.10561001e+000 -1.05300084e-001 -2.01287214e-002 8.04615906e+002
    1.30563436e-004 -5.93518525e-005 1.69390652e-004 7.20344901e-001</data></camera_pose_10>
<pose_timestamp_0 type_id="opencv-matrix">
  <rows>4</rows>
  <cols>4</cols>
  <dt>f</dt>
  <data>
    4.33512926e-002 -9.97593939e-001 8.93682715e+003 2.72242310e+002
    9.97293293e-001 4.72016931e-002 3.06227197e+003 -1.70083908e+002
    -4.52439822e-002 9.86257452e-004 1.54744932e+004 1.35856433e+003
    -4.37776634e-006 -5.46364799e-006 -1.50107708e+001 1.00574756e+000</data></pose_timestamp_0>
<pose_timestamp_1 type_id="opencv-matrix">
  <rows>4</rows>
  <cols>4</cols>
  <dt>f</dt>
  <data>
    7.06937015e-002 -7.41851568e-001 3.19299199e+004 1.41497986e+002
    9.89713848e-001 1.03881642e-001 2.84319023e+004 -6.71582108e+001
    -6.32921010e-002 6.94457233e-001 3.94397070e+004 1.40694727e+003
    6.34236130e-006 -2.93529974e-005 -3.36214218e+001 1.00067472e+000</data></pose_timestamp_1>
<pose_timestamp_2 type_id="opencv-matrix">
  <rows>4</rows>
  <cols>4</cols>
  <dt>f</dt>
  <data>
    -4.23922241e-001 -6.69313908e-001 4.03288828e+004 2.87303619e+002
    9.05876696e-001 -2.64083147e-001 3.07434766e+004 1.10431395e+001
    -4.91444878e-002 7.28149474e-001 2.97672363e+004 1.40002856e+003
    1.02169324e-005 -2.68752920e-005 -3.07830677e+001 1.00181353e+000</data></pose_timestamp_2>
<pose_timestamp_3 type_id="opencv-matrix">
  <rows>4</rows>
  <cols>4</cols>
  <dt>f</dt>
  <data>
    -8.71113896e-001 -3.49842012e-001 2.45248965e+004 4.24226105e+002
    4.94386286e-001 -5.83688557e-001 2.34375977e+004 1.74520447e+002
    -2.22365577e-002 7.82513797e-001 1.31041221e+004 1.37161523e+003
    -9.97695770e-006 -2.05083979e-005 -1.81489563e+001 1.00259733e+000</data></pose_timestamp_3>
<pose_timestamp_4 type_id="opencv-matrix">
  <rows>4</rows>
  <cols>4</cols>
  <dt>f</dt>
  <data>
    -1.00051904e+000 1.48912556e-002 1.33101973e+004 3.35205261e+002
    -1.13732051e-002 -7.28090525e-001 1.41345107e+004 3.30982910e+002
    7.84597360e-003 7.41767645e-001 9.65688086e+003 1.37997913e+003
    -8.97634527e-006 -1.77570309e-005 -1.40431404e+001 1.00124288e+000</data></pose_timestamp_4>
<pose_timestamp_5 type_id="opencv-matrix">
  <rows>4</rows>
  <cols>4</cols>
  <dt>f</dt>
  <data>
    -7.96278298e-001 4.14638072e-001 -4.40472662e-001 1.51551620e+002
    -6.03945017e-001 -5.03359556e-001 6.17964029e-001 5.30816223e+002
    3.45153026e-002 7.58092642e-001 6.51232898e-001 1.35246912e+003 0.
    0. 0. 1.</data></pose_timestamp_5>
<pose_timestamp_6 type_id="opencv-matrix">
  <rows>4</rows>
  <cols>4</cols>
  <dt>f</dt>
  <data>
    -1.49539128e-001 6.87308073e-001 -7.10806310e-001 5.33512383e+001
    -9.87183869e-001 -6.32624701e-002 1.46512225e-001 6.16804443e+002
    5.57316728e-002 7.23605871e-001 6.87959671e-001 1.35040808e+003 0.
    0. 0. 1.</data></pose_timestamp_6>
<pose_timestamp_7 type_id="opencv-matrix">
  <rows>4</rows>
  <cols>4</cols>
  <dt>f</dt>
  <data>
    9.10965800e-001 3.13759625e-001 1.89838232e+003 -1.57051056e+002
    -4.43767756e-001 6.61698163e-001 -1.02223496e+004 1.39430099e+002
    1.77573189e-002 7.21028805e-001 1.16612441e+004 1.37725378e+003
    1.12804728e-005 -1.19906354e-005 -1.03178730e+001 9.97182012e-001</data></pose_timestamp_7>
<pose_timestamp_8 type_id="opencv-matrix">
  <rows>4</rows>
  <cols>4</cols>
  <dt>f</dt>
  <data>
    8.70071769e-001 -3.60582888e-001 -1.27622314e+003 -1.39432459e+001
    4.82912838e-001 6.87508285e-001 -1.73641270e+004 -6.91034851e+001
    -4.09057029e-002 6.64366364e-001 1.43137998e+004 1.40379529e+003
    3.88207354e-006 -2.93418670e-005 -1.30811672e+001 1.00073361e+000</data></pose_timestamp_8>
