<?xml version="1.0"?>
<opencv_storage>
<camera_pose_0 type_id="opencv-matrix">
  <rows>4</rows>
  <cols>4</cols>
  <dt>f</dt>
  <data>
    1.37918210e+000 -6.11513853e-001 2.15594620e-002 -1.24596329e+002
    -2.68376231e-001 2.32577968e+000 5.48478886e-002 -1.27658028e+002
    -3.34576994e-001 -4.80671674e-002 1.01567376e+000 -2.07193924e+002
    -2.68844655e-004 2.33475483e-004 -7.12058318e-005 1.00890243e+000</data></camera_pose_0>
<camera_pose_1 type_id="opencv-matrix">
  <rows>4</rows>
  <cols>4</cols>
  <dt>f</dt>
  <data>
    1.12864172e+000 -2.19292831e+000 1.22418851e-001 -1.75974609e+002
    5.38865447e-001 8.98143172e-001 -7.70778835e-001 1.00502692e+003
    1.03205311e+000 1.52309167e+000 6.09929204e-001 4.23148193e+002
    -2.28142220e-004 1.48949111e-004 -7.30928468e-006 1.02858937e+000</data></camera_pose_1>
<camera_pose_2 type_id="opencv-matrix">
  <rows>4</rows>
  <cols>4</cols>
  <dt>f</dt>
  <data>
    1.09037542e+000 8.63918364e-002 -7.82797299e-003 4.57497692e+000
    -7.40772188e-001 1.89588892e+000 -7.08444238e-001 1.06115027e+003
    -8.91166747e-001 1.71962416e+000 6.81237280e-001 3.66315155e+002
    -6.13640295e-005 -8.63842841e-004 -3.35038858e-005 9.92295325e-001</data></camera_pose_2>
<camera_pose_3 type_id="opencv-matrix">
  <rows>4</rows>
  <cols>4</cols>
  <dt>f</dt>
  <data>
    -2.44771048e-001 1.99924982e+000 5.66697447e-003 -3.72136574e+001
    -7.64987648e-001 1.64827943e-001 -6.82406485e-001 1.11063318e+003
    -1.64595449e+000 6.15154505e-001 7.27608204e-001 4.22612762e+002
    -3.84440646e-004 -2.85838087e-005 -1.85860627e-005 9.75121319e-001</data></camera_pose_3>
<camera_pose_4 type_id="opencv-matrix">
  <rows>4</rows>
  <cols>4</cols>
  <dt>f</dt>
  <data>
    -1.30602729e+000 2.02290487e+000 -3.50875594e-002 1.18235733e+002
    -2.96355844e-001 -1.38584650e+000 -6.44973278e-001 1.07185388e+003
    -8.94041300e-001 -1.19561207e+000 7.80000329e-001 3.86847504e+002
    -2.24856354e-004 1.77069014e-004 -6.54975520e-006 9.90849912e-001</data></camera_pose_4>
<camera_pose_5 type_id="opencv-matrix">
  <rows>4</rows>
  <cols>4</cols>
  <dt>f</dt>
  <data>
    -1.28703749e+000 -1.63521215e-001 4.73109297e-002 9.70516586e+001
    7.86992610e-001 -2.41758680e+000 -6.62454903e-001 1.01545905e+003
    5.83030343e-001 -2.38344717e+000 7.64493227e-001 3.64964203e+002
    -3.25242698e-004 4.11100686e-004 -1.62747474e-005 1.01509428e+000</data></camera_pose_5>
<camera_pose_6 type_id="opencv-matrix">
  <rows>4</rows>
  <cols>4</cols>
  <dt>f</dt>
  <data>
    1.74820319e-001 -2.53669739e+000 9.35894251e-002 -1.88232708e+001
    1.26475620e+000 -7.33146966e-001 -7.37911999e-001 9.71318542e+002
    1.82970011e+000 -2.32795775e-001 7.49678731e-001 3.66269012e+002
    -3.08527204e-004 3.42902000e-004 4.63055221e-005 1.11676133e+000</data></camera_pose_6>
<camera_pose_7 type_id="opencv-matrix">
  <rows>4</rows>
  <cols>4</cols>
  <dt>f</dt>
  <data>
    2.16767579e-001 1.78512871e+000 -4.29194681e-002 -5.95315285e+001
    -1.93323687e-001 9.75044817e-002 9.83328342e-001 -1.38937793e+003
    2.03510261e+000 -1.46012676e+000 1.75312817e-001 5.88513611e+002
    -2.27253506e-004 -4.04998063e-005 2.68641033e-005 1.10779464e+000</data></camera_pose_7>
<camera_pose_8 type_id="opencv-matrix">
  <rows>4</rows>
  <cols>4</cols>
  <dt>f</dt>
  <data>
    -7.37108052e-001 3.10099769e+000 -7.78368413e-002 3.79697632e+002
    -2.85187304e-001 5.55287480e-001 9.60944593e-001 -1.53055237e+003
    1.60690129e+000 2.17299815e-002 3.47760141e-001 5.57724060e+002
    4.37346680e-005 -8.97829668e-005 2.68485292e-005 1.06167805e+000</data></camera_pose_8>
<camera_pose_9 type_id="opencv-matrix">
  <rows>4</rows>
  <cols>4</cols>
  <dt>f</dt>
  <data>
    5.50016165e-001 2.47308445e+000 -6.82887957e-002 -2.18699829e+002
    1.25611559e-001 -4.75096703e-001 9.84474182e-001 -1.35880408e+003
    1.41640580e+000 -1.20625150e+000 1.93379343e-001 7.79455688e+002
    -3.49307724e-004 1.04138593e-003 3.90108034e-005 1.06149256e+000</data></camera_pose_9>
<camera_pose_10 type_id="opencv-matrix">
  <rows>4</rows>
  <cols>4</cols>
  <dt>f</dt>
  <data>
    -2.20285580e-001 2.53768301e+000 -6.97213039e-002 1.01237541e+002
    3.94731075e-001 -2.06543028e-001 9.83858407e-001 -1.47457336e+003
    1.63266301e+000 -3.36373180e-001 -2.32140021e-003 8.27891052e+002
    4.52917229e-005 -2.46285577e-004 6.08812916e-005 1.10770965e+000</data></camera_pose_10>
<pose_timestamp_0 type_id="opencv-matrix">
  <rows>4</rows>
  <cols>4</cols>
  <dt>f</dt>
  <data>
    5.90517521e-001 -3.08695644e-001 -2.08303784e+003 -9.00942764e+001
    5.79315722e-001 -9.18100495e-003 1.38313892e+003 -8.63146744e+001
    -9.88490954e-002 -2.06320472e-002 5.93219482e+002 1.38423975e+003
    3.83205770e-005 1.08749127e-005 -5.52463293e-001 9.82014000e-001</data></pose_timestamp_0>
<pose_timestamp_1 type_id="opencv-matrix">
  <rows>4</rows>
  <cols>4</cols>
  <dt>f</dt>
  <data>
    1.58602059e-001 -7.07211733e-001 3.85428528e+002 1.35673691e+002
    2.85057425e-001 -2.24927604e-001 -4.70187109e+003 -1.55726128e+001
    1.10968985e-002 6.89853072e-001 3.32029449e+002 1.40311658e+003
    -4.50163752e-005 -2.02845604e-005 -2.62467980e-001 1.00339472e+000</data></pose_timestamp_1>
<pose_timestamp_2 type_id="opencv-matrix">
  <rows>4</rows>
  <cols>4</cols>
  <dt>f</dt>
  <data>
    -3.84031862e-001 -6.30262911e-001 8.10288208e+002 2.79256561e+002
    9.93913352e-001 -2.35236749e-001 7.86694519e+002 8.28781223e+000
    -1.99561752e-002 7.21218526e-001 6.43984619e+002 1.39472974e+003
    -2.20827351e-005 -1.94344902e-005 -4.73907351e-001 1.00474417e+000</data></pose_timestamp_2>
<pose_timestamp_3 type_id="opencv-matrix">
  <rows>4</rows>
  <cols>4</cols>
  <dt>f</dt>
  <data>
    -1.09347415e+000 -6.40390366e-002 7.24352600e+002 3.77351959e+002
    2.77345330e-001 -4.49161023e-001 5.76312256e+002 1.38752243e+002
    -1.64955005e-001 9.20999527e-001 4.92802795e+002 1.33958752e+003
    7.70863262e-005 -9.07644426e-005 -3.43783975e-001 1.02145028e+000</data></pose_timestamp_3>
<pose_timestamp_4 type_id="opencv-matrix">
  <rows>4</rows>
  <cols>4</cols>
  <dt>f</dt>
  <data>
    -4.58735734e-001 -1.47522163e+000 -1.84487439e+003 8.88836365e+002
    -4.78246324e-002 -5.80814898e-001 5.70999390e+002 2.69586792e+002
    -3.36448774e-002 8.91431987e-001 4.48778320e+002 1.32727222e+003
    2.46828677e-005 -1.03473139e-004 -3.68006766e-001 1.03431797e+000</data></pose_timestamp_4>
<pose_timestamp_5 type_id="opencv-matrix">
  <rows>4</rows>
  <cols>4</cols>
  <dt>f</dt>
  <data>
    -7.96278298e-001 4.14638072e-001 -4.40472662e-001 1.51551620e+002
    -6.03945017e-001 -5.03359556e-001 6.17964029e-001 5.30816223e+002
    3.45153026e-002 7.58092642e-001 6.51232898e-001 1.35246912e+003 0.
    0. 0. 1.</data></pose_timestamp_5>
<pose_timestamp_6 type_id="opencv-matrix">
  <rows>4</rows>
  <cols>4</cols>
  <dt>f</dt>
  <data>
    -1.49539128e-001 6.87308073e-001 -7.10806310e-001 5.33512383e+001
    -9.87183869e-001 -6.32624701e-002 1.46512225e-001 6.16804443e+002
    5.57316728e-002 7.23605871e-001 6.87959671e-001 1.35040808e+003 0.
    0. 0. 1.</data></pose_timestamp_6>
<pose_timestamp_7 type_id="opencv-matrix">
  <rows>4</rows>
  <cols>4</cols>
  <dt>f</dt>
  <data>
    1.14516866e+000 -2.94599198e-002 -6.98422729e+002 -1.98714661e+002
    -3.39603245e-001 4.89638120e-001 -7.44242188e+002 1.08648613e+002
    -8.08651671e-002 8.16325307e-001 4.72609741e+002 1.40104602e+003
    7.61089541e-005 -1.04091516e-004 -5.65372884e-001 9.81613040e-001</data></pose_timestamp_7>
<pose_timestamp_8 type_id="opencv-matrix">
  <rows>4</rows>
  <cols>4</cols>
  <dt>f</dt>
  <data>
    1.02179182e+000 1.00466192e-001 8.42703491e+002 -4.29459953e+001
    4.08421755e-001 3.83687377e-001 -7.81217163e+002 -5.06178207e+001
    1.80601664e-002 7.85776496e-001 3.83790588e+002 1.39554346e+003
    -3.75398122e-005 -1.08928238e-004 -3.39781165e-001 1.00751281e+000</data></pose_timestamp_8>
